Clock frequency is approx. 2208.4 MHz
Memory mountain (MB/sec)
	s1	s2	s3	s4	s5	s6	s7	s8	s9	s10	s11	s12	s13	s14	s15	s16	s17	s18	s19	s20	s21	s22	s23	s24	s25	s26	s27	s28	s29	s30	s31	s32	s33	s34	s35	s36	s37	s38	s39	s40	s41	s42	s43	s44	s45	s46	s47	s48	s49	s50	s51	s52	s53	s54	s55	s56	s57	s58	s59	s60	s61	s62	s63	s64	
32m	6369.5	5519.7	4814.9	4188.7	3395.3	2835.2	2339.0	1955.3	1770.3	1651.8	1521.4	1399.9	1420.2	1351.9	1278.4	1291.5	1316.5	1095.7	1074.8	1071.4	1235.6	1106.6	1099.5	1141.4	1108.7	1140.8	1257.2	1318.9	1174.0	1161.6	1243.2	1043.3	1445.4	1319.0	1354.4	1519.6	1434.2	1436.6	1471.0	1430.8	1523.9	1509.2	1465.1	1455.9	1445.1	1452.2	1538.0	1131.7	1360.9	1685.2	1766.2	1635.7	1599.3	1619.6	1693.4	1887.2	1636.9	1702.9	1684.6	1733.1	1806.5	1893.4	1779.2	960.5	
16m	6530.2	5664.5	4953.9	4510.9	3824.2	3366.0	2883.1	2204.9	2110.0	1972.4	1818.7	1820.4	1827.8	1668.9	1788.5	1737.8	1886.4	1908.4	1724.3	1906.4	2039.7	1978.2	2073.4	2097.7	2160.5	2298.7	2352.4	2651.2	2403.9	2454.0	2065.1	1511.5	2195.9	2741.1	2835.2	2751.6	2845.1	3396.6	3276.2	3269.2	3260.1	3691.5	3428.6	3543.1	3673.8	3603.7	2964.3	2769.6	2721.0	3512.4	3249.6	3762.8	3114.0	3499.2	3210.2	3046.4	3578.6	3440.2	3432.7	3295.4	3592.5	3244.2	3392.4	1606.8	
8m	6772.1	6282.6	6185.8	5663.4	4693.9	4328.4	4247.3	3377.1	3516.8	3545.5	3271.5	3254.8	3298.6	3532.0	3655.9	2813.3	3829.7	3808.9	4108.9	4027.1	4020.1	3991.5	4031.3	4048.3	3978.9	4110.3	3953.7	4064.2	4225.1	4079.0	4063.3	2882.7	4159.3	4245.4	4145.1	4145.4	4077.4	4065.0	3951.3	4039.5	3934.0	3822.9	3784.7	4264.7	3979.5	3759.5	3501.5	3680.8	3948.6	3956.0	4143.8	4027.2	4233.1	3876.7	4070.5	3538.2	3644.2	3490.6	3634.0	3643.7	3976.9	3588.2	3669.3	2858.2	
4m	7711.5	7733.8	7653.6	7686.5	7602.6	7584.6	7504.4	7567.5	7332.0	7437.7	7345.3	7214.2	7064.4	6683.6	6701.6	5822.0	6613.8	6485.1	6403.1	6861.4	5993.5	4582.5	6080.8	6059.3	6056.4	6062.4	6095.3	6073.4	6065.1	6084.2	6122.3	4184.1	6136.7	6080.1	6070.9	6077.3	6071.7	6064.3	6047.2	6056.7	6059.2	4388.4	6038.7	6084.4	6092.1	6034.3	4239.4	4233.6	4284.8	6082.0	6047.3	6081.2	6098.5	6075.9	6107.3	4316.0	6072.3	4262.6	4256.9	6073.7	5336.3	5244.7	5251.4	4420.1	
2m	7783.5	7782.7	7782.2	7781.3	7780.8	7767.2	7755.7	7714.1	7621.3	7418.1	7157.1	6869.0	6532.4	6462.0	6310.6	5803.7	6020.2	5909.3	5780.1	6581.7	5615.5	5552.9	5503.9	6579.5	6588.1	5386.8	6644.5	5385.1	6616.3	5296.1	6658.4	4666.4	6700.4	6622.8	6732.1	6704.1	5365.3	5349.8	5334.4	6782.1	5325.4	6912.7	6944.3	6932.2	7013.8	7145.7	5313.3	4636.6	5261.6	7300.5	5426.1	5440.7	5472.4	7409.1	5603.4	5670.1	7583.8	5688.2	7656.8	5644.2	5740.5	5744.4	5759.5	4664.6	
1024k	7783.2	7781.3	7782.6	7779.0	7776.4	7761.0	7760.5	7686.7	7576.2	7423.1	7160.6	6872.4	6692.6	6478.0	6299.7	5790.7	6042.3	5928.1	5822.7	5768.5	5720.1	5677.4	7083.4	5552.3	7299.4	5528.5	7410.3	5522.4	5643.2	5693.3	5645.5	4747.8	5728.4	7628.6	5853.0	7665.1	7718.9	7710.0	6328.7	6300.9	6267.3	7743.8	6499.3	6484.7	6696.9	7752.0	6654.6	4951.1	6843.1	6935.2	6968.3	6923.4	7125.2	7102.3	7146.0	7179.0	7267.7	7409.9	7284.4	7257.4	7520.0	7446.0	7369.2	4710.1	
512k	7781.9	7779.9	7778.8	7773.8	7778.2	7765.0	7750.4	7716.6	7668.7	7503.9	7265.3	7054.2	6889.3	6726.1	6592.9	6093.5	6376.0	6404.4	6416.1	6401.2	6560.7	6324.1	6505.8	7746.2	7752.5	7741.9	6892.3	7087.9	7217.0	7254.7	7434.2	5243.9	7525.9	7550.8	7518.3	7539.1	7587.7	7651.9	7699.2	7694.3	7711.5	7700.6	7715.0	7600.7	7703.1	7716.0	7703.3	7514.2	7691.5	7703.1	7701.1	7731.1	7703.1	7696.3	7722.3	7703.2	7677.0	7719.3	7695.8	7682.1	7690.2	7697.7	7702.7	5271.4	
256k	7780.1	7787.2	7785.7	7785.5	7780.2	7783.7	7762.7	7756.3	7744.5	7737.5	7663.0	7667.4	7685.7	7570.7	7615.4	7345.4	7507.6	7400.3	7471.8	7429.7	7410.8	7509.6	7402.8	7509.5	7637.1	7568.2	7652.3	7657.6	7636.6	7694.3	7691.4	6937.0	7727.6	7669.9	7642.8	7671.6	7706.7	7678.4	7674.8	7649.0	7639.9	7674.2	7658.0	7684.4	7639.1	7654.3	7650.0	7701.4	7680.7	7636.3	7649.2	7635.7	7627.8	7678.9	7671.6	7623.7	7648.1	7653.4	7641.8	7621.4	7616.1	7653.5	7582.0	7306.8	
128k	7773.4	7788.0	7777.5	7766.3	7768.7	7778.7	7749.4	7761.3	7734.9	7756.2	7734.8	7726.0	7747.2	7726.3	7700.5	7718.3	7732.6	7708.4	7686.1	7673.4	7700.0	7711.4	7682.4	7672.0	7676.8	7677.8	7668.0	7657.6	7641.6	7609.4	7653.5	7640.0	7652.5	7656.1	7627.7	7641.4	7624.1	7647.5	7618.5	7615.7	7589.5	7622.1	7614.6	7612.0	7601.7	7617.3	7620.2	7555.2	7571.0	7596.2	7567.6	7582.1	7585.4	7591.9	7605.1	7577.4	7577.9	7558.9	7569.4	7512.8	7553.7	7530.1	7530.4	7513.1	
64k	7779.7	7778.0	7773.7	7748.0	7747.9	7745.9	7703.2	7718.3	7715.8	7706.0	7693.4	7662.2	7656.7	7657.6	7657.7	7653.0	7656.1	7612.4	7616.9	7615.7	7622.1	7629.6	7598.9	7612.4	7596.2	7561.5	7549.2	7577.4	7558.9	7536.3	7505.9	7390.4	7558.2	7545.5	7544.2	7555.2	7550.5	7494.8	7480.2	7505.1	7508.7	7393.1	7446.2	7406.3	7443.3	7417.0	7436.2	7461.7	7418.8	7418.1	7468.0	7440.2	7458.0	7441.2	7430.1	7382.5	7376.5	7333.3	7383.7	7352.5	7320.6	7340.7	7314.6	7295.0	
32k	7781.3	7764.6	7731.0	7698.6	7697.8	7701.4	7668.9	7678.9	7641.4	7631.7	7594.4	7574.2	7582.1	7599.7	7583.7	7588.8	7545.5	7526.9	7524.4	7505.1	7457.1	7439.8	7417.0	7425.0	7380.3	7361.5	7400.1	7382.5	7333.3	7352.5	7340.7	7342.4	7302.6	7283.3	7278.5	7334.6	7292.8	7210.9	7246.5	7234.9	7231.8	7237.8	7191.6	7143.8	10175.6	10344.8	10261.9	7104.5	7092.5	7161.1	7089.1	7171.8	7035.2	7118.7	6989.5	7021.4	11318.3	11323.3	11142.6	11164.9	11188.1	11660.6	11718.3	12029.0	
16k	7751.3	7711.7	7691.5	7678.9	7631.7	7612.4	7577.4	7538.2	7526.9	7505.1	7406.3	7425.0	7400.6	7340.6	7397.6	7342.4	7283.3	7334.6	7266.0	7177.5	7118.1	7143.8	7147.3	7104.5	7161.1	7098.6	7043.8	7021.4	11533.0	11375.6	11212.1	12029.0	12171.0	11802.9	12018.1	12882.6	12514.5	12862.7	13250.7	13685.7	13768.3	14354.9	13571.3	13692.4	13397.9	13103.5	13723.9	12984.1	6585.9	13373.4	13128.0	12882.6	6437.8	6560.4	12613.6	6322.2	13204.7	12974.6	12744.6	10048.4	6165.2	12674.6	6241.3	11307.2	
8k	7744.7	7665.9	7574.2	7588.8	7474.0	7425.0	7382.5	7342.4	7281.5	7177.5	7143.8	7038.1	7171.8	7021.4	11594.3	12029.0	12071.2	12882.6	13597.7	12903.6	6728.9	13250.7	13555.3	6492.1	6565.1	6441.3	12868.5	10747.8	12974.6	13106.7	12674.6	6145.2	13040.4	5889.2	6152.1	11936.1	12201.7	12495.2	12204.6	5927.9	12207.8	11962.4	11655.7	9780.3	5742.0	11561.9	12008.4	12514.5	5762.7	11999.2	11778.4	11557.5	11336.7	5557.9	11673.2	11515.5	12146.5	11121.1	11721.8	10726.7	12330.5	11212.1	11042.2	12849.1	
4k	7678.9	7563.4	7461.7	7295.0	7177.5	7038.1	6945.9	12290.5	12882.6	12903.6	13250.7	13447.9	13378.1	12897.3	13106.7	13461.0	10192.8	12532.9	13965.2	12514.5	12666.1	12081.5	12284.5	11732.4	11249.3	12383.1	5557.9	11515.5	5189.9	11551.9	5205.6	5234.8	11410.3	11042.2	11744.9	11343.4	8676.0	9846.0	7729.6	10239.2	10931.8	9737.2	8069.3	7899.4	7177.5	7559.7	9606.7	10428.8	10183.4	6880.2	6795.2	6625.3	8502.5	7528.8	6809.4	6717.4	9800.0	6441.3	6349.3	6257.3	8220.3	6625.3	5981.2	7067.0	
2k	7588.8	7390.4	7104.5	12029.0	13283.2	6606.0	12897.3	6145.2	12532.9	12514.5	12836.6	5688.4	5592.4	12401.3	11551.9	11778.4	11042.2	11343.4	10741.1	11263.1	10711.0	8557.7	7559.7	10428.8	9938.0	8612.9	9201.9	8956.5	8588.4	8343.0	8097.6	7852.3	7606.9	7361.5	7116.1	5621.5	6073.2	5852.4	5742.0	5119.6	6011.9	4818.4	5766.5	5079.4	7098.6	6940.8	4748.2	4637.7	4527.3	4416.9	4416.9	5383.1	4662.3	5107.0	4085.6	4416.9	4294.2	3864.8	3128.6	4171.5	3643.9	4048.8	3533.5	5047.9	
