90001	0.09000	1.55	1.65	1.72
90002	0.09000	1.55	1.65	1.72
90003	0.09000	1.55	1.65	1.72
9000411	0.09000	1.55	1.65	1.72
90005	0.09000	1.55	1.65	1.72
90006	9	1.55	1.65	1.72
90007	0.09000	1.55	1.65	1.72
90008	0.09000	1.55	1.65	1.72
90009	0.09000	1.55	1.65	-1.72
90010	0.09000	1.55	1.65	1.72
90011	0.09000	-1.55	1.65	1.72
90012	0.09000	1.55	1.65	1.72
90013AB	0.09000	1.55	1.65	1.72
90014	0.09000	1.55	1.65	1.72
90015	0.09000	1.55	1.65	1.72
90016	0.09000	1.55	1.65	1.72
90017	0.09000	1.55	1.65	1.72
90018	0.09000	1.55	1.65	1.72
90019	0.09000	1.55	1.65	1.72
90020	0.09000	1.55	1.65	1.72
90021	0.09000	1.55	1.65	1.72
90022	0.09000	1.55	1.65	1.72
90023	0.09000	1.55	1.65	1.72
90024	0.09000	1.55	1.65	1.72
90025	0.09000	1.55	1.65	1.72
90026	0.09000	1.55	1.65	1.72
90027	0.09000	1.55	1.65	1.72
90028	0.09000	1.55	1.65	1.72
90029	0.09000	1.55	1.65	1.72
90030	0.09000	1.55	1.65	1.72
90031	0.09000	1.55	1.65	1.72
90032	0.09000	1.55	1.65	1.72
90033	0.09000	1.55	1.65	1.72
90034	0.09000	1.55	1.65	1.72
90035	0.09000	1.55	1.65	1.72
90036	0.09000	1.55	1.65	1.72
90037	0.09000	1.55	1.65	1.72
90038	0.09000	1.55	1.65	1.72
90039	0.09000	1.55	1.65	1.72
90040	0.09000	1.55	1.65	1.72
90041	0.09000	1.55	1.65	1.72
90042	0.09000	1.55	1.65	1.72
90043	0.09000	1.55	1.65	1.72
90044	0.09000	1.55	1.65	1.72
90045	0.09000	1.55	1.65	1.72
90046	0.09000	1.55	1.65	1.72
90047	0.09000	1.55	1.65	1.72
90048	0.09000	1.55	1.65	1.72
90049	0.09000	1.55	1.65	1.72
90050	0.09000	1.55	1.65	1.72
90051	0.09000	1.55	1.65	1.72
90052	0.09000	1.55	1.65	1.72
90053	0.09000	1.55	1.65	1.72
90054	0.09000	1.55	1.65	1.72
90055	0.09000	1.55	1.65	1.72
90056	0.09000	1.55	1.65	1.72
90057	0.09000	1.55	1.65	1.72
90058	0.09000	1.55	1.65	1.72
90059	0.09000	1.55	1.65	1.72
90060	0.09000	1.55	1.65	1.72
90061	0.09000	1.55	1.65	1.72
90062	0.09000	1.55	1.65	1.72
90063	0.09000	1.55	1.65	1.72
90064	0.09000	1.55	1.65	1.72
90065	0.09000	1.55	1.65	1.72
90066	0.09000	1.55	1.65	1.72
90067	0.09000	1.55	1.65	1.72
90068	0.09000	1.55	1.65	1.72
90069	0.09000	1.55	1.65	1.72
90070	0.09000	1.55	1.65	1.72
90071	0.09000	1.55	1.65	1.72
90072	0.09000	1.55	1.65	1.72
90073	0.09000	1.55	1.65	1.72
90074	0.09000	1.55	1.65	1.72
90075	0.09000	1.55	1.65	1.72
90076	0.09000	1.55	1.65	1.72
90077	0.09000	1.55	1.65	1.72
90078	0.09000	1.55	1.65	1.72
90079	0.09000	1.55	1.65	1.72
90080	0.09000	1.55	1.65	1.72
90081	0.09000	1.55	1.65	1.72
90082	0.09000	1.55	1.65	1.72
90083	0.09000	1.55	1.65	1.72
90084	0.09000	1.55	1.65	1.72
90086	0.09000	1.55	1.65	1.72
90087	0.09000	1.55	1.65	1.72
90088	0.09000	1.55	1.65	1.72
90089	0.09000	1.55	1.65	1.72
90091	0.09000	1.55	1.65	1.72
90093	0.09000	1.55	1.65	1.72
90094	0.09000	1.55	1.65	1.72
90095	0.09000	1.55	1.65	1.72
90096	0.09000	1.55	1.65	1.72
90097	0.09000	1.55	1.65	1.72
90099	0.09000	1.55	1.65	1.72
90101	0.09000	1.55	1.65	1.72
90102	0.09000	1.55	1.65	1.72
90103	0.09000	1.55	1.65	1.72
90174	0.09000	1.55	1.65	1.72
90185	0.09000	1.55	1.65	1.72
90201	0.09000	1.55	1.65	1.72
90202	0.09000	1.55	1.65	1.72
90209	0.09000	1.55	1.65	1.72
90210	0.09000	1.55	1.65	1.72
90211	0.09000	1.55	1.65	1.72
90212	0.09000	1.55	1.65	1.72
90213	0.09000	1.55	1.65	1.72
90220	0.09000	1.55	1.65	1.72
90221	0.09000	1.55	1.65	1.72
90222	0.09000	1.55	1.65	1.72
90223	0.09000	1.55	1.65	1.72
90224	0.09000	1.55	1.65	1.72
90230	0.09000	1.55	1.65	1.72
90231	0.09000	1.55	1.65	1.72
90232	0.09000	1.55	1.65	1.72
90233	0.09000	1.55	1.65	1.72
90239	0.09000	1.55	1.65	1.72
90240	0.09000	1.55	1.65	1.72
90241	0.09000	1.55	1.65	1.72
90242	0.09000	1.55	1.65	1.72
90245	0.09000	1.55	1.65	1.72
90247	0.09000	1.55	1.65	1.72
90248	0.09000	1.55	1.65	1.72
90249	0.09000	1.55	1.65	1.72
90250	0.09000	1.55	1.65	1.72
90251	0.09000	1.55	1.65	1.72
90254	0.09000	1.55	1.65	1.72
90255	0.09000	1.55	1.65	1.72
90260	0.09000	1.55	1.65	1.72
90261	0.09000	1.55	1.65	1.72
90262	0.09000	1.55	1.65	1.72
90263	0.09000	1.55	1.65	1.72
90264	0.09000	1.55	1.65	1.72
90265	0.09000	1.55	1.65	1.72
90266	0.09000	1.55	1.65	1.72
90267	0.09000	1.55	1.65	1.72
90270	0.09000	1.55	1.65	1.72
90272	0.09000	1.55	1.65	1.72
90274	0.09000	1.55	1.65	1.72
90275	0.09000	1.55	1.65	1.72
90277	0.09000	1.55	1.65	1.72
90278	0.09000	1.55	1.65	1.72
90280	0.09000	1.55	1.65	1.72
90290	0.09000	1.55	1.65	1.72
90291	0.09000	1.55	1.65	1.72
90292	0.09000	1.55	1.65	1.72
90293	0.09000	1.55	1.65	1.72
90294	0.09000	1.55	1.65	1.72
90295	0.09000	1.55	1.65	1.72
90296	0.09000	1.55	1.65	1.72
90301	0.09000	1.55	1.65	1.72
90302	0.09000	1.55	1.65	1.72
90303	0.09000	1.55	1.65	1.72
90304	0.09000	1.55	1.65	1.72
90305	0.09000	1.55	1.65	1.72
90306	0.09000	1.55	1.65	1.72
90307	0.09000	1.55	1.65	1.72
90308	0.09000	1.55	1.65	1.72
90309	0.09000	1.55	1.65	1.72
90310	0.09000	1.55	1.65	1.72
90311	0.09000	1.55	1.65	1.72
90312	0.09000	1.55	1.65	1.72
90313	0.09000	1.55	1.65	1.72
90397	0.09000	1.55	1.65	1.72
90398	0.09000	1.55	1.65	1.72
90401	0.09000	1.55	1.65	1.72
90402	0.09000	1.55	1.65	1.72
90403	0.09000	1.55	1.65	1.72
90404	0.09000	1.55	1.65	1.72
90405	0.09000	1.55	1.65	1.72
90406	0.09000	1.55	1.65	1.72
90407	0.09000	1.55	1.65	1.72
90408	0.09000	1.55	1.65	1.72
90409	0.09000	1.55	1.65	1.72
90410	0.09000	1.55	1.65	1.72
90411	0.09000	1.55	1.65	1.72
90501	0.09000	1.55	1.65	1.72
90502	0.09000	1.55	1.65	1.72
90503	0.09000	1.55	1.65	1.72
90504	0.09000	1.55	1.65	1.72
90505	0.09000	1.55	1.65	1.72
90506	0.09000	1.55	1.65	1.72
90507	0.09000	1.55	1.65	1.72
90508	0.09000	1.55	1.65	1.72
90509	0.09000	1.55	1.65	1.72
90510	0.09000	1.55	1.65	1.72
90601	0.09000	1.55	1.65	1.72
90602	0.09000	1.55	1.65	1.72
90603	0.09000	1.55	1.65	1.72
90604	0.09000	1.55	1.65	1.72
90605	0.09000	1.55	1.65	1.72
90606	0.09000	1.55	1.65	1.72
90607	0.09000	1.55	1.65	1.72
90608	0.09000	1.55	1.65	1.72
90609	0.09000	1.55	1.65	1.72
90610	0.09000	1.55	1.65	1.72
90612	0.09000	1.55	1.65	1.72
90620	0.08000	1.55	1.65	1.72
90621	0.08000	1.55	1.65	1.72
90622	0.08000	1.55	1.65	1.72
90623	0.08000	1.55	1.65	1.72
90624	0.08000	1.55	1.65	1.72
90630	0.08000	1.55	1.65	1.72
90631	0.08000	1.55	1.65	1.72
90632	0.08000	1.55	1.65	1.72
90633	0.08000	1.55	1.65	1.72
90637	0.09000	1.55	1.65	1.72
90638	0.09000	1.55	1.65	1.72
90639	0.09000	1.55	1.65	1.72
90640	0.09000	1.55	1.65	1.72
90650	0.09000	1.55	1.65	1.72
90651	0.09000	1.55	1.65	1.72
90652	0.09000	1.55	1.65	1.72
90659	0.09000	1.55	1.65	1.72
90660	0.09000	1.55	1.65	1.72
90661	0.09000	1.55	1.65	1.72
90662	0.09000	1.55	1.65	1.72
90665	0.09000	1.55	1.65	1.72
90670	0.09000	1.55	1.65	1.72
90671	0.09000	1.55	1.65	1.72
90680	0.08000	1.55	1.65	1.72
90701	0.09000	1.55	1.65	1.72
90702	0.09000	1.55	1.65	1.72
90703	0.09000	1.55	1.65	1.72
90704	0.09000	1.55	1.65	1.72
90706	0.09000	1.55	1.65	1.72
90707	0.09000	1.55	1.65	1.72
90710	0.09000	1.55	1.65	1.72
90711	0.09000	1.55	1.65	1.72
90712	0.09000	1.55	1.65	1.72
90713	0.09000	1.55	1.65	1.72
90714	0.09000	1.55	1.65	1.72
90715	0.09000	1.55	1.65	1.72
90716	0.09000	1.55	1.65	1.72
90717	0.09000	1.55	1.65	1.72
90720	0.08000	1.55	1.65	1.72
90721	0.08000	1.55	1.65	1.72
90723	0.09000	1.55	1.65	1.72
90731	0.09000	1.55	1.65	1.72
90732	0.09000	1.55	1.65	1.72
90733	0.09000	1.55	1.65	1.72
90734	0.09000	1.55	1.65	1.72
90740	0.08000	1.55	1.65	1.72
90742	0.08000	1.55	1.65	1.72
90743	0.08000	1.55	1.65	1.72
90744	0.09000	1.55	1.65	1.72
90745	0.09000	1.55	1.65	1.72
90746	0.09000	1.55	1.65	1.72
90747	0.09000	1.55	1.65	1.72
90748	0.09000	1.55	1.65	1.72
90749	0.09000	1.55	1.65	1.72
90801	0.09000	1.55	1.65	1.72
90802	0.09000	1.55	1.65	1.72
90803	0.09000	1.55	1.65	1.72
90804	0.09000	1.55	1.65	1.72
90805	0.09000	1.55	1.65	1.72
90806	0.09000	1.55	1.65	1.72
90807	0.09000	1.55	1.65	1.72
90808	0.09000	1.55	1.65	1.72
90809	0.09000	1.55	1.65	1.72
90810	0.09000	1.55	1.65	1.72
90813	0.09000	1.55	1.65	1.72
90814	0.09000	1.55	1.65	1.72
90815	0.09000	1.55	1.65	1.72
90822	0.09000	1.55	1.65	1.72
90831	0.09000	1.55	1.65	1.72
90832	0.09000	1.55	1.65	1.72
90833	0.09000	1.55	1.65	1.72
90834	0.09000	1.55	1.65	1.72
90835	0.09000	1.55	1.65	1.72
90840	0.09000	1.55	1.65	1.72
90842	0.09000	1.55	1.65	1.72
90844	0.09000	1.55	1.65	1.72
90845	0.09000	1.55	1.65	1.72
90846	0.09000	1.55	1.65	1.72
90847	0.09000	1.55	1.65	1.72
90848	0.09000	1.55	1.65	1.72
90853	0.09000	1.55	1.65	1.72
90888	0.09000	1.55	1.65	1.72
90899	0.09000	1.55	1.65	1.72
91001	0.09000	1.55	1.65	1.72
91003	0.09000	1.55	1.65	1.72
91006	0.09000	1.55	1.65	1.72
91007	0.09000	1.55	1.65	1.72
91009	0.09000	1.55	1.65	1.72
91010	0.09000	1.55	1.65	1.72
91011	0.09000	1.55	1.65	1.72
91012	0.09000	1.55	1.65	1.72
91016	0.09000	1.55	1.65	1.72
91017	0.09000	1.55	1.65	1.72
91020	0.09000	1.55	1.65	1.72
91021	0.09000	1.55	1.65	1.72
91023	0.09000	1.55	1.65	1.72
91024	0.09000	1.55	1.65	1.72
91025	0.09000	1.55	1.65	1.72
91030	0.09000	1.55	1.65	1.72
91031	0.09000	1.55	1.65	1.72
91040	0.09000	1.55	1.65	1.72
91041	0.09000	1.55	1.65	1.72
91042	0.09000	1.55	1.65	1.72
91043	0.09000	1.55	1.65	1.72
91046	0.09000	1.55	1.65	1.72
91050	0.09000	1.55	1.65	1.72
91051	0.09000	1.55	1.65	1.72
91066	0.09000	1.55	1.65	1.72
91077	0.09000	1.55	1.65	1.72
91101	0.09000	1.55	1.65	1.72
91102	0.09000	1.55	1.65	1.72
91103	0.09000	1.55	1.65	1.72
91104	0.09000	1.55	1.65	1.72
91105	0.09000	1.55	1.65	1.72
91106	0.09000	1.55	1.65	1.72
91107	0.09000	1.55	1.65	1.72
91108	0.09000	1.55	1.65	1.72
91109	0.09000	1.55	1.65	1.72
91110	0.09000	1.55	1.65	1.72
91114	0.09000	1.55	1.65	1.72
91115	0.09000	1.55	1.65	1.72
91116	0.09000	1.55	1.65	1.72
91117	0.09000	1.55	1.65	1.72
91118	0.09000	1.55	1.65	1.72
91121	0.09000	1.55	1.65	1.72
91123	0.09000	1.55	1.65	1.72
91124	0.09000	1.55	1.65	1.72
91125	0.09000	1.55	1.65	1.72
91126	0.09000	1.55	1.65	1.72
91129	0.09000	1.55	1.65	1.72
91131	0.09000	1.55	1.65	1.72
91175	0.09000	1.55	1.65	1.72
91182	0.09000	1.55	1.65	1.72
91184	0.09000	1.55	1.65	1.72
91185	0.09000	1.55	1.65	1.72
91186	0.09000	1.55	1.65	1.72
91187	0.09000	1.55	1.65	1.72
91188	0.09000	1.55	1.65	1.72
91189	0.09000	1.55	1.65	1.72
91191	0.09000	1.55	1.65	1.72
91201	0.09000	1.55	1.65	1.72
91202	0.09000	1.55	1.65	1.72
91203	0.09000	1.55	1.65	1.72
91204	0.09000	1.55	1.65	1.72
91205	0.09000	1.55	1.65	1.72
91206	0.09000	1.55	1.65	1.72
91207	0.09000	1.55	1.65	1.72
91208	0.09000	1.55	1.65	1.72
91209	0.09000	1.55	1.65	1.72
91210	0.09000	1.55	1.65	1.72
91214	0.09000	1.55	1.65	1.72
91221	0.09000	1.55	1.65	1.72
91222	0.09000	1.55	1.65	1.72
91224	0.09000	1.55	1.65	1.72
91225	0.09000	1.55	1.65	1.72
91226	0.09000	1.55	1.65	1.72
91301	0.09000	1.55	1.65	1.72
91302	0.09000	1.55	1.65	1.72
91303	0.09000	1.55	1.65	1.72
91304	0.09000	1.55	1.65	1.72
91305	0.09000	1.55	1.65	1.72
91306	0.09000	1.55	1.65	1.72
91307	0.09000	1.55	1.65	1.72
91308	0.09000	1.55	1.65	1.72
91309	0.09000	1.55	1.65	1.72
91310	0.09000	1.55	1.65	1.72
91311	0.09000	1.55	1.65	1.72
91312	0.09000	1.55	1.65	1.72
91313	0.09000	1.55	1.65	1.72
91316	0.09000	1.55	1.65	1.72
91319	0.07500	1.55	1.65	1.72
91320	0.07500	1.55	1.65	1.72
91321	0.09000	1.55	1.65	1.72
91322	0.09000	1.55	1.65	1.72
91324	0.09000	1.55	1.65	1.72
91325	0.09000	1.55	1.65	1.72
91326	0.09000	1.55	1.65	1.72
91327	0.09000	1.55	1.65	1.72
91328	0.09000	1.55	1.65	1.72
91329	0.09000	1.55	1.65	1.72
91330	0.09000	1.55	1.65	1.72
91331	0.09000	1.55	1.65	1.72
91333	0.09000	1.55	1.65	1.72
91334	0.09000	1.55	1.65	1.72
91335	0.09000	1.55	1.65	1.72
91337	0.09000	1.55	1.65	1.72
91340	0.09000	1.55	1.65	1.72
91341	0.09000	1.55	1.65	1.72
91342	0.09000	1.55	1.65	1.72
91343	0.09000	1.55	1.65	1.72
91344	0.09000	1.55	1.65	1.72
91345	0.09000	1.55	1.65	1.72
91346	0.09000	1.55	1.65	1.72
91350	0.09000	1.55	1.65	1.72
91351	0.09000	1.55	1.65	1.72
91352	0.09000	1.55	1.65	1.72
91353	0.09000	1.55	1.65	1.72
91354	0.09000	1.55	1.65	1.72
91355	0.09000	1.55	1.65	1.72
91356	0.09000	1.55	1.65	1.72
91357	0.09000	1.55	1.65	1.72
91358	0.07500	1.55	1.65	1.72
91359	0.07500	1.55	1.65	1.72
91360	0.07500	1.55	1.65	1.72
91361	0.07500	1.55	1.65	1.72
91362	0.07500	1.55	1.65	1.72
91363	0.09000	1.55	1.65	1.72
91364	0.09000	1.55	1.65	1.72
91365	0.09000	1.55	1.65	1.72
91367	0.09000	1.55	1.65	1.72
91371	0.09000	1.55	1.65	1.72
91372	0.09000	1.55	1.65	1.72
91376	0.09000	1.55	1.65	1.72
91377	0.07500	1.55	1.65	1.72
91380	0.09000	1.55	1.65	1.72
91381	0.09000	1.55	1.65	1.72
91382	0.09000	1.55	1.65	1.72
91383	0.09000	1.55	1.65	1.72
91384	0.09000	1.55	1.65	1.72
91385	0.09000	1.55	1.65	1.72
91386	0.09000	1.55	1.65	1.72
91387	0.09000	1.55	1.65	1.72
91388	0.09000	1.55	1.65	1.72
91390	0.09000	1.55	1.65	1.72
91392	0.09000	1.55	1.65	1.72
91393	0.09000	1.55	1.65	1.72
91394	0.09000	1.55	1.65	1.72
91395	0.09000	1.55	1.65	1.72
91396	0.09000	1.55	1.65	1.72
91399	0.09000	1.55	1.65	1.72
91401	0.09000	1.55	1.65	1.72
91402	0.09000	1.55	1.65	1.72
91403	0.09000	1.55	1.65	1.72
91404	0.09000	1.55	1.65	1.72
91405	0.09000	1.55	1.65	1.72
91406	0.09000	1.55	1.65	1.72
91407	0.09000	1.55	1.65	1.72
91408	0.09000	1.55	1.65	1.72
91409	0.09000	1.55	1.65	1.72
91410	0.09000	1.55	1.65	1.72
91411	0.09000	1.55	1.65	1.72
91412	0.09000	1.55	1.65	1.72
91413	0.09000	1.55	1.65	1.72
91416	0.09000	1.55	1.65	1.72
91423	0.09000	1.55	1.65	1.72
91426	0.09000	1.55	1.65	1.72
91436	0.09000	1.55	1.65	1.72
91470	0.09000	1.55	1.65	1.72
91482	0.09000	1.55	1.65	1.72
91495	0.09000	1.55	1.65	1.72
91496	0.09000	1.55	1.65	1.72
91497	0.09000	1.55	1.65	1.72
91499	0.09000	1.55	1.65	1.72
91501	0.09000	1.55	1.65	1.72
91502	0.09000	1.55	1.65	1.72
91503	0.09000	1.55	1.65	1.72
91504	0.09000	1.55	1.65	1.72
91505	0.09000	1.55	1.65	1.72
91506	0.09000	1.55	1.65	1.72
91507	0.09000	1.55	1.65	1.72
91508	0.09000	1.55	1.65	1.72
91510	0.09000	1.55	1.65	1.72
91521	0.09000	1.55	1.65	1.72
91522	0.09000	1.55	1.65	1.72
91523	0.09000	1.55	1.65	1.72
91526	0.09000	1.55	1.65	1.72
91601	0.09000	1.55	1.65	1.72
91602	0.09000	1.55	1.65	1.72
91603	0.09000	1.55	1.65	1.72
91604	0.09000	1.55	1.65	1.72
91605	0.09000	1.55	1.65	1.72
91606	0.09000	1.55	1.65	1.72
91607	0.09000	1.55	1.65	1.72
91608	0.09000	1.55	1.65	1.72
91609	0.09000	1.55	1.65	1.72
91610	0.09000	1.55	1.65	1.72
91611	0.09000	1.55	1.65	1.72
91612	0.09000	1.55	1.65	1.72
91614	0.09000	1.55	1.65	1.72
91615	0.09000	1.55	1.65	1.72
91616	0.09000	1.55	1.65	1.72
91617	0.09000	1.55	1.65	1.72
91618	0.09000	1.55	1.65	1.72
91701	0.08000	1.55	1.65	1.72
91702	0.09000	1.55	1.65	1.72
91706	0.09000	1.55	1.65	1.72
91708	0.08000	1.55	1.65	1.72
91709	0.08000	1.55	1.65	1.72
91710	0.08000	1.55	1.65	1.72
91711	0.09000	1.55	1.65	1.72
91714	0.09000	1.55	1.65	1.72
91715	0.09000	1.55	1.65	1.72
91716	0.09000	1.55	1.65	1.72
91722	0.09000	1.55	1.65	1.72
91723	0.09000	1.55	1.65	1.72
91724	0.09000	1.55	1.65	1.72
91729	0.08000	1.55	1.65	1.72
91730	0.08000	1.55	1.65	1.72
91731	0.09000	1.55	1.65	1.72
91732	0.09000	1.55	1.65	1.72
91733	0.09000	1.55	1.65	1.72
91734	0.09000	1.55	1.65	1.72
91735	0.09000	1.55	1.65	1.72
91737	0.08000	1.55	1.65	1.72
91739	0.08000	1.55	1.65	1.72
91740	0.09000	1.55	1.65	1.72
91741	0.09000	1.55	1.65	1.72
91743	0.08000	1.55	1.65	1.72
91744	0.09000	1.55	1.65	1.72
91745	0.09000	1.55	1.65	1.72
91746	0.09000	1.55	1.65	1.72
91747	0.09000	1.55	1.65	1.72
91748	0.09000	1.55	1.65	1.72
91749	0.09000	1.55	1.65	1.72
91750	0.09000	1.55	1.65	1.72
91752	0.08000	1.55	1.65	1.72
91754	0.09000	1.55	1.65	1.72
91755	0.09000	1.55	1.65	1.72
91756	0.09000	1.55	1.65	1.72
91758	0.08000	1.55	1.65	1.72
91759	0.09000	1.55	1.65	1.72
91761	0.08000	1.55	1.65	1.72
91762	0.08000	1.55	1.65	1.72
91763	0.08000	1.55	1.65	1.72
91764	0.08000	1.55	1.65	1.72
91765	0.09000	1.55	1.65	1.72
91766	0.09000	1.55	1.65	1.72
91767	0.09000	1.55	1.65	1.72
91768	0.09000	1.55	1.65	1.72
91769	0.09000	1.55	1.65	1.72
91770	0.09000	1.55	1.65	1.72
91771	0.09000	1.55	1.65	1.72
91772	0.09000	1.55	1.65	1.72
91773	0.09000	1.55	1.65	1.72
91775	0.09000	1.55	1.65	1.72
91776	0.09000	1.55	1.65	1.72
91778	0.09000	1.55	1.65	1.72
91780	0.09000	1.55	1.65	1.72
91784	0.08000	1.55	1.65	1.72
91785	0.08000	1.55	1.65	1.72
91786	0.08000	1.55	1.65	1.72
91788	0.09000	1.55	1.65	1.72
91789	0.09000	1.55	1.65	1.72
91790	0.09000	1.55	1.65	1.72
91791	0.09000	1.55	1.65	1.72
91792	0.09000	1.55	1.65	1.72
91793	0.09000	1.55	1.65	1.72
91795	0.09000	1.55	1.65	1.72
91797	0.09000	1.55	1.65	1.72
91798	0.08000	1.55	1.65	1.72
91799	0.09000	1.55	1.65	1.72
91801	0.09000	1.55	1.65	1.72
91802	0.09000	1.55	1.65	1.72
91803	0.09000	1.55	1.65	1.72
91804	0.09000	1.55	1.65	1.72
91841	0.09000	1.55	1.65	1.72
91896	0.09000	1.55	1.65	1.72
91899	0.09000	1.55	1.65	1.72
91901	0.08000	1.55	1.65	1.72
91902	0.08000	1.55	1.65	1.72
91903	0.08000	1.55	1.65	1.72
91905	0.08000	1.55	1.65	1.72
91906	0.08000	1.55	1.65	1.72
91908	0.08000	1.55	1.65	1.72
91909	0.08000	1.55	1.65	1.72
91910	0.08000	1.55	1.65	1.72
91911	0.08000	1.55	1.65	1.72
91912	0.08000	1.55	1.65	1.72
91913	0.08000	1.55	1.65	1.72
91914	0.08000	1.55	1.65	1.72
91915	0.08000	1.55	1.65	1.72
91916	0.08000	1.55	1.65	1.72
91917	0.08000	1.55	1.65	1.72
91921	0.08000	1.55	1.65	1.72
91931	0.08000	1.55	1.65	1.72
91932	0.08000	1.55	1.65	1.72
91933	0.08000	1.55	1.65	1.72
91934	0.08000	1.55	1.65	1.72
91935	0.08000	1.55	1.65	1.72
91941	0.08000	1.55	1.65	1.72
91942	0.08000	1.55	1.65	1.72
91943	0.08000	1.55	1.65	1.72
91944	0.08000	1.55	1.65	1.72
91945	0.08000	1.55	1.65	1.72
91946	0.08000	1.55	1.65	1.72
91947	0.08000	1.55	1.65	1.72
91948	0.08000	1.55	1.65	1.72
91950	0.08000	1.55	1.65	1.72
91951	0.08000	1.55	1.65	1.72
91962	0.08000	1.55	1.65	1.72
91963	0.08000	1.55	1.65	1.72
91976	0.08000	1.55	1.65	1.72
91977	0.08000	1.55	1.65	1.72
91978	0.08000	1.55	1.65	1.72
91979	0.08000	1.55	1.65	1.72
91980	0.08000	1.55	1.65	1.72
91987	0.08000	1.55	1.65	1.72
91990	0.08000	1.55	1.65	1.72
92003	0.08000	1.55	1.65	1.72
92004	0.08000	1.55	1.65	1.72
92007	0.08000	1.55	1.65	1.72
92008	0.08000	1.55	1.65	1.72
92009	0.08000	1.55	1.65	1.72
92013	0.08000	1.55	1.65	1.72
92014	0.08000	1.55	1.65	1.72
92018	0.08000	1.55	1.65	1.72
92019	0.08000	1.55	1.65	1.72
92020	0.08000	1.55	1.65	1.72
92021	0.08000	1.55	1.65	1.72
92022	0.08000	1.55	1.65	1.72
92023	0.08000	1.55	1.65	1.72
92024	0.08000	1.55	1.65	1.72
92025	0.08000	1.55	1.65	1.72
92026	0.08000	1.55	1.65	1.72
92027	0.08000	1.55	1.65	1.72
92028	0.08000	1.55	1.65	1.72
92029	0.08000	1.55	1.65	1.72
92030	0.08000	1.55	1.65	1.72
92033	0.08000	1.55	1.65	1.72
92036	0.08000	1.55	1.65	1.72
92037	0.08000	1.55	1.65	1.72
92038	0.08000	1.55	1.65	1.72
92039	0.08000	1.55	1.65	1.72
92040	0.08000	1.55	1.65	1.72
92046	0.08000	1.55	1.65	1.72
92049	0.08000	1.55	1.65	1.72
92051	0.08000	1.55	1.65	1.72
92052	0.08000	1.55	1.65	1.72
92054	0.08000	1.55	1.65	1.72
92055	0.08000	1.55	1.65	1.72
92056	0.08000	1.55	1.65	1.72
92057	0.08000	1.55	1.65	1.72
92058	0.08000	1.55	1.65	1.72
92059	0.08000	1.55	1.65	1.72
92060	0.08000	1.55	1.65	1.72
92061	0.08000	1.55	1.65	1.72
92064	0.08000	1.55	1.65	1.72
92065	0.08000	1.55	1.65	1.72
92066	0.08000	1.55	1.65	1.72
92067	0.08000	1.55	1.65	1.72
92068	0.08000	1.55	1.65	1.72
92069	0.08000	1.55	1.65	1.72
92070	0.08000	1.55	1.65	1.72
92071	0.08000	1.55	1.65	1.72
92072	0.08000	1.55	1.65	1.72
92074	0.08000	1.55	1.65	1.72
92075	0.08000	1.55	1.65	1.72
92078	0.08000	1.55	1.65	1.72
92079	0.08000	1.55	1.65	1.72
92082	0.08000	1.55	1.65	1.72
92083	0.08000	1.55	1.65	1.72
92084	0.08000	1.55	1.65	1.72
92085	0.08000	1.55	1.65	1.72
92086	0.08000	1.55	1.65	1.72
92088	0.08000	1.55	1.65	1.72
92090	0.08000	1.55	1.65	1.72
92091	0.08000	1.55	1.65	1.72
92092	0.08000	1.55	1.65	1.72
92093	0.08000	1.55	1.65	1.72
92096	0.08000	1.55	1.65	1.72
92101	0.08000	1.55	1.65	1.72
92102	0.08000	1.55	1.65	1.72
92103	0.08000	1.55	1.65	1.72
92104	0.08000	1.55	1.65	1.72
92105	0.08000	1.55	1.65	1.72
92106	0.08000	1.55	1.65	1.72
92107	0.08000	1.55	1.65	1.72
92108	0.08000	1.55	1.65	1.72
92109	0.08000	1.55	1.65	1.72
92110	0.08000	1.55	1.65	1.72
92111	0.08000	1.55	1.65	1.72
92112	0.08000	1.55	1.65	1.72
92113	0.08000	1.55	1.65	1.72
92114	0.08000	1.55	1.65	1.72
92115	0.08000	1.55	1.65	1.72
92116	0.08000	1.55	1.65	1.72
92117	0.08000	1.55	1.65	1.72
92118	0.08000	1.55	1.65	1.72
92119	0.08000	1.55	1.65	1.72
92120	0.08000	1.55	1.65	1.72
92121	0.08000	1.55	1.65	1.72
92122	0.08000	1.55	1.65	1.72
92123	0.08000	1.55	1.65	1.72
92124	0.08000	1.55	1.65	1.72
92126	0.08000	1.55	1.65	1.72
92127	0.08000	1.55	1.65	1.72
92128	0.08000	1.55	1.65	1.72
92129	0.08000	1.55	1.65	1.72
92130	0.08000	1.55	1.65	1.72
92131	0.08000	1.55	1.65	1.72
92132	0.08000	1.55	1.65	1.72
92133	0.08000	1.55	1.65	1.72
92134	0.08000	1.55	1.65	1.72
92135	0.08000	1.55	1.65	1.72
92136	0.08000	1.55	1.65	1.72
92137	0.08000	1.55	1.65	1.72
92138	0.08000	1.55	1.65	1.72
92139	0.08000	1.55	1.65	1.72
92140	0.08000	1.55	1.65	1.72
92142	0.08000	1.55	1.65	1.72
92143	0.08000	1.55	1.65	1.72
92145	0.08000	1.55	1.65	1.72
92147	0.08000	1.55	1.65	1.72
92149	0.08000	1.55	1.65	1.72
92150	0.08000	1.55	1.65	1.72
92152	0.08000	1.55	1.65	1.72
92153	0.08000	1.55	1.65	1.72
92154	0.08000	1.55	1.65	1.72
92155	0.08000	1.55	1.65	1.72
92158	0.08000	1.55	1.65	1.72
92159	0.08000	1.55	1.65	1.72
92160	0.08000	1.55	1.65	1.72
92161	0.08000	1.55	1.65	1.72
92162	0.08000	1.55	1.65	1.72
92163	0.08000	1.55	1.65	1.72
92164	0.08000	1.55	1.65	1.72
92165	0.08000	1.55	1.65	1.72
92166	0.08000	1.55	1.65	1.72
92167	0.08000	1.55	1.65	1.72
92168	0.08000	1.55	1.65	1.72
92169	0.08000	1.55	1.65	1.72
92170	0.08000	1.55	1.65	1.72
92171	0.08000	1.55	1.65	1.72
92172	0.08000	1.55	1.65	1.72
92173	0.08000	1.55	1.65	1.72
92174	0.08000	1.55	1.65	1.72
92175	0.08000	1.55	1.65	1.72
92176	0.08000	1.55	1.65	1.72
92177	0.08000	1.55	1.65	1.72
92178	0.08000	1.55	1.65	1.72
92179	0.08000	1.55	1.65	1.72
92182	0.08000	1.55	1.65	1.72
92184	0.08000	1.55	1.65	1.72
92186	0.08000	1.55	1.65	1.72
92187	0.08000	1.55	1.65	1.72
92190	0.08000	1.55	1.65	1.72
92191	0.08000	1.55	1.65	1.72
92192	0.08000	1.55	1.65	1.72
92193	0.08000	1.55	1.65	1.72
92194	0.08000	1.55	1.65	1.72
92195	0.08000	1.55	1.65	1.72
92196	0.08000	1.55	1.65	1.72
92197	0.08000	1.55	1.65	1.72
92198	0.08000	1.55	1.65	1.72
92199	0.08000	1.55	1.65	1.72
92201	0.08000	1.55	1.65	1.72
92202	0.08000	1.55	1.65	1.72
92203	0.08000	1.55	1.65	1.72
92210	0.08000	1.55	1.65	1.72
92211	0.08000	1.55	1.65	1.72
92220	0.08000	1.55	1.65	1.72
92222	0.08000	1.55	1.65	1.72
92223	0.08000	1.55	1.65	1.72
92225	0.08000	1.55	1.65	1.72
92226	0.08000	1.55	1.65	1.72
92227	0.08000	1.55	1.65	1.72
92230	0.08000	1.55	1.65	1.72
92231	0.08000	1.55	1.65	1.72
92232	0.08000	1.55	1.65	1.72
92233	0.08000	1.55	1.65	1.72
92234	0.08000	1.55	1.65	1.72
92235	0.08000	1.55	1.65	1.72
92236	0.08000	1.55	1.65	1.72
92239	0.08000	1.55	1.65	1.72
92240	0.08000	1.55	1.65	1.72
92241	0.08000	1.55	1.65	1.72
92242	0.08000	1.55	1.65	1.72
92243	0.08000	1.55	1.65	1.72
92244	0.08000	1.55	1.65	1.72
92249	0.08000	1.55	1.65	1.72
92250	0.08000	1.55	1.65	1.72
92251	0.08000	1.55	1.65	1.72
92252	0.08000	1.55	1.65	1.72
92253	0.08000	1.55	1.65	1.72
92254	0.08000	1.55	1.65	1.72
92255	0.08000	1.55	1.65	1.72
92256	0.08000	1.55	1.65	1.72
92257	0.08000	1.55	1.65	1.72
92258	0.08000	1.55	1.65	1.72
92259	0.08000	1.55	1.65	1.72
92260	0.08000	1.55	1.65	1.72
92261	0.08000	1.55	1.65	1.72
92262	0.08000	1.55	1.65	1.72
92263	0.08000	1.55	1.65	1.72
92264	0.08000	1.55	1.65	1.72
92266	0.08000	1.55	1.65	1.72
92267	0.08000	1.55	1.65	1.72
92268	0.08000	1.55	1.65	1.72
92270	0.08000	1.55	1.65	1.72
92273	0.08000	1.55	1.65	1.72
92274	0.08000	1.55	1.65	1.72
92275	0.08000	1.55	1.65	1.72
92276	0.08000	1.55	1.65	1.72
92277	0.08000	1.55	1.65	1.72
92278	0.08000	1.55	1.65	1.72
92280	0.08000	1.55	1.65	1.72
92281	0.08000	1.55	1.65	1.72
92282	0.08000	1.55	1.65	1.72
92283	0.08000	1.55	1.65	1.72
92284	0.08000	1.55	1.65	1.72
92285	0.08000	1.55	1.65	1.72
92286	0.08000	1.55	1.65	1.72
92292	0.08000	1.55	1.65	1.72
92301	0.08000	1.55	1.65	1.72
92304	0.08000	1.55	1.65	1.72
92305	0.08000	1.55	1.65	1.72
92307	0.08000	1.55	1.65	1.72
92308	0.08000	1.55	1.65	1.72
92309	0.08000	1.55	1.65	1.72
92310	0.08000	1.55	1.65	1.72
92311	0.08000	1.55	1.65	1.72
92312	0.08000	1.55	1.65	1.72
92313	0.08000	1.55	1.65	1.72
92314	0.08000	1.55	1.65	1.72
92315	0.08000	1.55	1.65	1.72
92316	0.08000	1.55	1.65	1.72
92317	0.08000	1.55	1.65	1.72
92318	0.08000	1.55	1.65	1.72
92320	0.08000	1.55	1.65	1.72
92321	0.08000	1.55	1.65	1.72
92322	0.08000	1.55	1.65	1.72
92323	0.08000	1.55	1.65	1.72
92324	0.08000	1.55	1.65	1.72
92325	0.08000	1.55	1.65	1.72
92326	0.08000	1.55	1.65	1.72
92327	0.08000	1.55	1.65	1.72
92328	0.08000	1.55	1.65	1.72
92329	0.08000	1.55	1.65	1.72
92332	0.08000	1.55	1.65	1.72
92333	0.08000	1.55	1.65	1.72
92334	0.08000	1.55	1.65	1.72
92335	0.08000	1.55	1.65	1.72
92336	0.08000	1.55	1.65	1.72
92337	0.08000	1.55	1.65	1.72
92338	0.08000	1.55	1.65	1.72
92339	0.08000	1.55	1.65	1.72
92340	0.08000	1.55	1.65	1.72
92341	0.08000	1.55	1.65	1.72
92342	0.08000	1.55	1.65	1.72
92345	0.08000	1.55	1.65	1.72
92346	0.08000	1.55	1.65	1.72
92347	0.08000	1.55	1.65	1.72
92350	0.08000	1.55	1.65	1.72
92352	0.08000	1.55	1.65	1.72
92354	0.08000	1.55	1.65	1.72
92356	0.08000	1.55	1.65	1.72
92357	0.08000	1.55	1.65	1.72
92358	0.08000	1.55	1.65	1.72
92359	0.08000	1.55	1.65	1.72
92363	0.08000	1.55	1.65	1.72
92364	0.08000	1.55	1.65	1.72
92365	0.08000	1.55	1.65	1.72
92366	0.08000	1.55	1.65	1.72
92368	0.08000	1.55	1.65	1.72
92369	0.08000	1.55	1.65	1.72
92371	0.08000	1.55	1.65	1.72
92372	0.08000	1.55	1.65	1.72
92373	0.08000	1.55	1.65	1.72
92374	0.08000	1.55	1.65	1.72
92375	0.08000	1.55	1.65	1.72
92376	0.08000	1.55	1.65	1.72
92377	0.08000	1.55	1.65	1.72
92378	0.08000	1.55	1.65	1.72
92382	0.08000	1.55	1.65	1.72
92384	0.08000	1.55	1.65	1.72
92385	0.08000	1.55	1.65	1.72
92386	0.08000	1.55	1.65	1.72
92389	0.08000	1.55	1.65	1.72
92391	0.08000	1.55	1.65	1.72
92392	0.08000	1.55	1.65	1.72
92393	0.08000	1.55	1.65	1.72
92394	0.08000	1.55	1.65	1.72
92397	0.08000	1.55	1.65	1.72
92398	0.08000	1.55	1.65	1.72
92399	0.08000	1.55	1.65	1.72
92401	0.08000	1.55	1.65	1.72
92402	0.08000	1.55	1.65	1.72
92403	0.08000	1.55	1.65	1.72
92404	0.08000	1.55	1.65	1.72
92405	0.08000	1.55	1.65	1.72
92406	0.08000	1.55	1.65	1.72
92407	0.08000	1.55	1.65	1.72
92408	0.08000	1.55	1.65	1.72
92410	0.08000	1.55	1.65	1.72
92411	0.08000	1.55	1.65	1.72
92412	0.08000	1.55	1.65	1.72
92413	0.08000	1.55	1.65	1.72
92414	0.08000	1.55	1.65	1.72
92415	0.08000	1.55	1.65	1.72
92418	0.08000	1.55	1.65	1.72
92420	0.08000	1.55	1.65	1.72
92423	0.08000	1.55	1.65	1.72
92424	0.08000	1.55	1.65	1.72
92427	0.08000	1.55	1.65	1.72
92501	0.08000	1.55	1.65	1.72
92502	0.08000	1.55	1.65	1.72
92503	0.08000	1.55	1.65	1.72
92504	0.08000	1.55	1.65	1.72
92505	0.08000	1.55	1.65	1.72
92506	0.08000	1.55	1.65	1.72
92507	0.08000	1.55	1.65	1.72
92508	0.08000	1.55	1.65	1.72
92509	0.08000	1.55	1.65	1.72
92513	0.08000	1.55	1.65	1.72
92514	0.08000	1.55	1.65	1.72
92515	0.08000	1.55	1.65	1.72
92516	0.08000	1.55	1.65	1.72
92517	0.08000	1.55	1.65	1.72
92518	0.08000	1.55	1.65	1.72
92519	0.08000	1.55	1.65	1.72
92521	0.08000	1.55	1.65	1.72
92522	0.08000	1.55	1.65	1.72
92530	0.08000	1.55	1.65	1.72
92531	0.08000	1.55	1.65	1.72
92532	0.08000	1.55	1.65	1.72
92536	0.08000	1.55	1.65	1.72
92539	0.08000	1.55	1.65	1.72
92543	0.08000	1.55	1.65	1.72
92544	0.08000	1.55	1.65	1.72
92545	0.08000	1.55	1.65	1.72
92546	0.08000	1.55	1.65	1.72
92548	0.08000	1.55	1.65	1.72
92549	0.08000	1.55	1.65	1.72
92551	0.08000	1.55	1.65	1.72
92552	0.08000	1.55	1.65	1.72
92553	0.08000	1.55	1.65	1.72
92554	0.08000	1.55	1.65	1.72
92555	0.08000	1.55	1.65	1.72
92556	0.08000	1.55	1.65	1.72
92557	0.08000	1.55	1.65	1.72
92561	0.08000	1.55	1.65	1.72
92562	0.08000	1.55	1.65	1.72
92563	0.08000	1.55	1.65	1.72
92564	0.08000	1.55	1.65	1.72
92567	0.08000	1.55	1.65	1.72
92570	0.08000	1.55	1.65	1.72
92571	0.08000	1.55	1.65	1.72
92572	0.08000	1.55	1.65	1.72
92581	0.08000	1.55	1.65	1.72
92582	0.08000	1.55	1.65	1.72
92583	0.08000	1.55	1.65	1.72
92584	0.08000	1.55	1.65	1.72
92585	0.08000	1.55	1.65	1.72
92586	0.08000	1.55	1.65	1.72
92587	0.08000	1.55	1.65	1.72
92589	0.08000	1.55	1.65	1.72
92590	0.08000	1.55	1.65	1.72
92591	0.08000	1.55	1.65	1.72
92592	0.08000	1.55	1.65	1.72
92593	0.08000	1.55	1.65	1.72
92595	0.08000	1.55	1.65	1.72
92596	0.08000	1.55	1.65	1.72
92599	0.08000	1.55	1.65	1.72
92602	0.08000	1.95	2.15	1.9
92603	0.08000	1.95	2.15	1.9
92604	0.08000	1.95	2.15	1.9
92605	0.08000	1.95	2.15	1.9
92606	0.08000	1.95	2.15	1.9
92607	0.08000	1.95	2.15	1.9
92609	0.08000	1.95	2.15	1.9
92610	0.08000	1.95	2.15	1.9
92612	0.08000	1.95	2.15	1.9
92614	0.08000	1.95	2.15	1.9
92615	0.08000	1.95	2.15	1.9
92616	0.08000	1.95	2.15	1.9
92618	0.08000	1.95	2.15	1.9
92619	0.08000	1.95	2.15	1.9
92620	0.08000	1.95	2.15	1.9
92623	0.08000	1.95	2.15	1.9
92624	0.08000	1.95	2.15	1.9
92625	0.08000	1.95	2.15	1.9
92626	0.08000	1.95	2.15	1.9
92627	0.08000	1.95	2.15	1.9
92628	0.08000	1.95	2.15	1.9
92629	0.08000	1.95	2.15	1.9
92630	0.08000	1.95	2.15	1.9
92637	0.08000	1.95	2.15	1.9
92646	0.08000	1.95	2.15	1.9
92647	0.08000	1.95	2.15	1.9
92648	0.08000	1.95	2.15	1.9
92649	0.08000	1.95	2.15	1.9
92650	0.08000	1.95	2.15	1.9
92651	0.08000	1.95	2.15	1.9
92652	0.08000	1.95	2.15	1.9
92653	0.08000	1.95	2.15	1.9
92654	0.08000	1.95	2.15	1.9
92655	0.08000	1.95	2.15	1.9
92656	0.08000	1.95	2.15	1.9
92657	0.08000	1.95	2.15	1.9
92658	0.08000	1.95	2.15	1.9
92659	0.08000	1.95	2.15	1.9
92660	0.08000	1.95	2.15	1.9
92661	0.08000	1.95	2.15	1.9
92662	0.08000	1.95	2.15	1.9
92663	0.08000	1.95	2.15	1.9
92672	0.08000	1.95	2.15	1.9
92673	0.08000	1.95	2.15	1.9
92674	0.08000	1.95	2.15	1.9
92675	0.08000	1.95	2.15	1.9
92676	0.08000	1.95	2.15	1.9
92677	0.08000	1.95	2.15	1.9
92678	0.08000	1.95	2.15	1.9
92679	0.08000	1.95	2.15	1.9
92683	0.08000	1.95	2.15	1.9
92684	0.08000	1.95	2.15	1.9
92685	0.08000	1.95	2.15	1.9
92688	0.08000	1.95	2.15	1.9
92690	0.08000	1.95	2.15	1.9
92691	0.08000	1.95	2.15	1.9
92692	0.08000	1.95	2.15	1.9
92693	0.08000	1.95	2.15	1.9
92694	0.08000	1.95	2.15	1.9
92697	0.08000	1.95	2.15	1.9
92698	0.08000	1.95	2.15	1.9
92701	0.08000	1.95	2.15	1.9
92702	0.08000	1.95	2.15	1.9
92703	0.08000	1.95	2.15	1.9
92704	0.08000	1.95	2.15	1.9
92705	0.08000	1.95	2.15	1.9
92706	0.08000	1.95	2.15	1.9
92707	0.08000	1.95	2.15	1.9
92708	0.08000	1.95	2.15	1.9
92709	0.08000	1.95	2.15	1.9
92710	0.08000	1.95	2.15	1.9
92711	0.08000	1.95	2.15	1.9
92712	0.08000	1.95	2.15	1.9
92728	0.08000	1.95	2.15	1.9
92735	0.08000	1.95	2.15	1.9
92780	0.08000	1.95	2.15	1.9
92781	0.08000	1.95	2.15	1.9
92782	0.08000	1.95	2.15	1.9
92799	0.08000	1.95	2.15	1.9
92801	0.08000	1.95	2.15	1.9
92802	0.08000	1.95	2.15	1.9
92803	0.08000	1.95	2.15	1.9
92804	0.08000	1.95	2.15	1.9
92805	0.08000	1.95	2.15	1.9
92806	0.08000	1.95	2.15	1.9
92807	0.08000	1.95	2.15	1.9
92808	0.08000	1.95	2.15	1.9
92809	0.08000	1.95	2.15	1.9
92811	0.08000	1.95	2.15	1.9
92812	0.08000	1.95	2.15	1.9
92814	0.08000	1.95	2.15	1.9
92815	0.08000	1.95	2.15	1.9
92816	0.08000	1.95	2.15	1.9
92817	0.08000	1.95	2.15	1.9
92821	0.08000	1.95	2.15	1.9
92822	0.08000	1.95	2.15	1.9
92823	0.08000	1.95	2.15	1.9
92825	0.08000	1.95	2.15	1.9
92831	0.08000	1.95	2.15	1.9
92832	0.08000	1.95	2.15	1.9
92833	0.08000	1.95	2.15	1.9
92834	0.08000	1.95	2.15	1.9
92835	0.08000	1.95	2.15	1.9
92836	0.08000	1.95	2.15	1.9
92837	0.08000	1.95	2.15	1.9
92838	0.08000	1.95	2.15	1.9
92840	0.08000	1.95	2.15	1.9
92841	0.08000	1.95	2.15	1.9
92842	0.08000	1.95	2.15	1.9
92843	0.08000	1.95	2.15	1.9
92844	0.08000	1.95	2.15	1.9
92845	0.08000	1.95	2.15	1.9
92846	0.08000	1.95	2.15	1.9
92850	0.08000	1.95	2.15	1.9
92856	0.08000	1.95	2.15	1.9
92857	0.08000	1.95	2.15	1.9
92859	0.08000	1.95	2.15	1.9
92860	0.08000	1.95	2.15	1.9
92861	0.08000	1.95	2.15	1.9
92862	0.08000	1.95	2.15	1.9
92863	0.08000	1.95	2.15	1.9
92864	0.08000	1.95	2.15	1.9
92865	0.08000	1.95	2.15	1.9
92866	0.08000	1.95	2.15	1.9
92867	0.08000	1.95	2.15	1.9
92868	0.08000	1.95	2.15	1.9
92869	0.08000	1.95	2.15	1.9
92870	0.08000	1.95	2.15	1.9
92871	0.08000	1.95	2.15	1.9
92877	0.08000	1.95	2.15	1.9
92878	0.08000	1.95	2.15	1.9
92879	0.08000	1.95	2.15	1.9
92880	0.08000	1.95	2.15	1.9
92881	0.08000	1.95	2.15	1.9
92882	0.08000	1.95	2.15	1.9
92883	0.08000	1.95	2.15	1.9
92885	0.08000	1.95	2.15	1.9
92886	0.08000	1.95	2.15	1.9
92887	0.08000	1.95	2.15	1.9
92899	0.08000	1.95	2.15	1.9
93001	0.07500	1.95	2.15	1.9
93002	0.07500	1.95	2.15	1.9
93003	0.07500	1.95	2.15	1.9
93004	0.07500	1.95	2.15	1.9
93005	0.07500	1.95	2.15	1.9
93006	0.07500	1.95	2.15	1.9
93007	0.07500	1.95	2.15	1.9
93009	0.07500	1.95	2.15	1.9
93010	0.07500	1.95	2.15	1.9
93011	0.07500	1.95	2.15	1.9
93012	0.07500	1.95	2.15	1.9
93013	0.08000	1.95	2.15	1.9
93014	0.08000	1.95	2.15	1.9
93015	0.07500	1.95	2.15	1.9
93016	0.07500	1.95	2.15	1.9
93020	0.07500	1.95	2.15	1.9
93021	0.07500	1.95	2.15	1.9
93022	0.07500	1.95	2.15	1.9
93023	0.07500	1.95	2.15	1.9
93024	0.07500	1.95	2.15	1.9
93030	0.07500	1.95	2.15	1.9
93031	0.07500	1.95	2.15	1.9
93032	0.07500	1.95	2.15	1.9
93033	0.07500	1.95	2.15	1.9
93034	0.07500	1.95	2.15	1.9
93035	0.07500	1.95	2.15	1.9
93040	0.07500	1.95	2.15	1.9
93041	0.07500	1.95	2.15	1.9
93042	0.07500	1.95	2.15	1.9
93043	0.07500	1.95	2.15	1.9
93044	0.07500	1.95	2.15	1.9
93060	0.07500	1.95	2.15	1.9
93061	0.07500	1.95	2.15	1.9
93062	0.07500	1.95	2.15	1.9
93063	0.07500	1.95	2.15	1.9
93064	0.07500	1.95	2.15	1.9
93065	0.07500	1.95	2.15	1.9
93066	0.07500	1.95	2.15	1.9
93067	0.08000	1.95	2.15	1.9
93093	0.07500	1.95	2.15	1.9
93094	0.07500	1.95	2.15	1.9
93099	0.07500	1.95	2.15	1.9
93101	0.08000	1.95	2.15	1.9
93102	0.08000	1.95	2.15	1.9
93103	0.08000	1.95	2.15	1.9
93105	0.08000	1.95	2.15	1.9
93106	0.08000	1.95	2.15	1.9
93107	0.08000	1.95	2.15	1.9
93108	0.08000	1.95	2.15	1.9
93109	0.08000	1.95	2.15	1.9
93110	0.08000	1.95	2.15	1.9
93111	0.08000	1.95	2.15	1.9
93116	0.08000	1.95	2.15	1.9
93117	0.08000	1.95	2.15	1.9
93118	0.08000	1.95	2.15	1.9
93120	0.08000	1.95	2.15	1.9
93121	0.08000	1.95	2.15	1.9
93130	0.08000	1.95	2.15	1.9
93140	0.08000	1.95	2.15	1.9
93150	0.08000	1.95	2.15	1.9
93160	0.08000	1.95	2.15	1.9
93190	0.08000	1.95	2.15	1.9
93199	0.08000	1.95	2.15	1.9
93201	0.08000	1.95	2.15	1.9
93202	0.07500	1.95	2.15	1.9
93203	0.07500	1.95	2.15	1.9
93204	0.07500	1.95	2.15	1.9
93205	0.07500	1.95	2.15	1.9
93206	0.07500	1.95	2.15	1.9
93207	0.08000	1.95	2.15	1.9
93208	0.08000	1.95	2.15	1.9
93210	0.08225	1.95	2.15	1.9
93212	0.07500	1.95	2.15	1.9
93215	0.07500	1.95	2.15	1.9
93216	0.07500	1.95	2.15	1.9
93218	0.08000	1.95	2.15	1.9
93219	0.08000	1.95	2.15	1.9
93220	0.07500	1.95	2.15	1.9
93221	0.08000	1.95	2.15	1.9
93222	0.07500	1.95	2.15	1.9
93223	0.08000	1.95	2.15	1.9
93224	0.07500	1.95	2.15	1.9
93225	0.07500	1.95	2.15	1.9
93226	0.07500	1.95	2.15	1.9
93227	0.08000	1.95	2.15	1.9
93230	0.07500	1.95	2.15	1.9
93232	0.07500	1.95	2.15	1.9
93234	0.08225	1.95	2.15	1.9
93235	0.08000	1.95	2.15	1.9
93237	0.08000	1.95	2.15	1.9
93238	0.07500	1.95	2.15	1.9
93239	0.07500	1.95	2.15	1.9
93240	0.07500	1.95	2.15	1.9
93241	0.07500	1.95	2.15	1.9
93242	0.08225	1.95	2.15	1.9
93243	0.07500	1.95	2.15	1.9
93244	0.08000	1.95	2.15	1.9
93245	0.07500	1.95	2.15	1.9
93246	0.07500	1.95	2.15	1.9
93247	0.08000	1.95	2.15	1.9
93249	0.07500	1.95	2.15	1.9
93250	0.07500	1.95	2.15	1.9
93251	0.07500	1.95	2.15	1.9
93252	0.07500	1.95	2.15	1.9
93254	0.08000	1.95	2.15	1.9
93255	0.07500	1.95	2.15	1.9
93256	0.08000	1.95	2.15	1.9
93257	0.08000	1.95	2.15	1.9
93258	0.08000	1.95	2.15	1.9
93260	0.08000	1.95	2.15	1.9
93261	0.08000	1.95	2.15	1.9
93262	0.08000	1.95	2.15	1.9
93263	0.07500	1.95	2.15	1.9
93265	0.08000	1.95	2.15	1.9
93266	0.07500	1.95	2.15	1.9
93267	0.08000	1.95	2.15	1.9
93268	0.07500	1.95	2.15	1.9
93270	0.08000	1.95	2.15	1.9
93271	0.08000	1.95	2.15	1.9
93272	0.08000	1.95	2.15	1.9
93274	0.08000	1.95	2.15	1.9
93275	0.08000	1.95	2.15	1.9
93276	0.07500	1.95	2.15	1.9
93277	0.08000	1.95	2.15	1.9
93278	0.08000	1.95	2.15	1.9
93279	0.08000	1.95	2.15	1.9
93280	0.07500	1.95	2.15	1.9
93282	0.08000	1.95	2.15	1.9
93283	0.07500	1.95	2.15	1.9
93285	0.07500	1.95	2.15	1.9
93286	0.08000	1.95	2.15	1.9
93287	0.07500	1.95	2.15	1.9
93291	0.08000	1.95	2.15	1.9
93292	0.08000	1.95	2.15	1.9
93301	0.07500	1.95	2.15	1.9
93302	0.07500	1.95	2.15	1.9
93303	0.07500	1.95	2.15	1.9
93304	0.07500	1.95	2.15	1.9
93305	0.07500	1.95	2.15	1.9
93306	0.07500	1.95	2.15	1.9
93307	0.07500	1.95	2.15	1.9
93308	0.07500	1.95	2.15	1.9
93309	0.07500	1.95	2.15	1.9
93311	0.07500	1.95	2.15	1.9
93312	0.07500	1.95	2.15	1.9
93313	0.07500	1.95	2.15	1.9
93380	0.07500	1.95	2.15	1.9
93381	0.07500	1.95	2.15	1.9
93382	0.07500	1.95	2.15	1.9
93383	0.07500	1.95	2.15	1.9
93384	0.07500	1.95	2.15	1.9
93385	0.07500	1.95	2.15	1.9
93386	0.07500	1.95	2.15	1.9
93387	0.07500	1.95	2.15	1.9
93388	0.07500	1.95	2.15	1.9
93389	0.07500	1.95	2.15	1.9
93390	0.07500	1.95	2.15	1.9
93401	0.07500	1.95	2.15	1.9
93402	0.07500	1.95	2.15	1.9
93403	0.07500	1.95	2.15	1.9
93405	0.07500	1.95	2.15	1.9
93406	0.07500	1.95	2.15	1.9
93407	0.07500	1.95	2.15	1.9
93408	0.07500	1.95	2.15	1.9
93409	0.07500	1.95	2.15	1.9
93410	0.07500	1.95	2.15	1.9
93412	0.07500	1.95	2.15	1.9
93420	0.07500	1.95	2.15	1.9
93421	0.07500	1.95	2.15	1.9
93422	0.07500	1.95	2.15	1.9
93423	0.07500	1.95	2.15	1.9
93424	0.07500	1.95	2.15	1.9
93426	0.07500	1.95	2.15	1.9
93427	0.08000	1.95	2.15	1.9
93428	0.07500	1.95	2.15	1.9
93429	0.08000	1.95	2.15	1.9
93430	0.07500	1.95	2.15	1.9
93432	0.07500	1.95	2.15	1.9
93433	0.07500	1.95	2.15	1.9
93434	0.08000	1.95	2.15	1.9
93435	0.07500	1.95	2.15	1.9
93436	0.08000	1.95	2.15	1.9
93437	0.08000	1.95	2.15	1.9
93438	0.08000	1.95	2.15	1.9
93440	0.08000	1.95	2.15	1.9
93441	0.08000	1.95	2.15	1.9
93442	0.07500	1.95	2.15	1.9
93443	0.07500	1.95	2.15	1.9
93444	0.07500	1.95	2.15	1.9
93445	0.07500	1.95	2.15	1.9
93446	0.07500	1.95	2.15	1.9
93447	0.07500	1.95	2.15	1.9
93448	0.07500	1.95	2.15	1.9
93449	0.07500	1.95	2.15	1.9
93450	0.07500	1.95	2.15	1.9
93451	0.07500	1.95	2.15	1.9
93452	0.07500	1.95	2.15	1.9
93453	0.07500	1.95	2.15	1.9
93454	0.08000	1.95	2.15	1.9
93455	0.08000	1.95	2.15	1.9
93456	0.08000	1.95	2.15	1.9
93457	0.08000	1.95	2.15	1.9
93458	0.08000	1.95	2.15	1.9
93460	0.08000	1.95	2.15	1.9
93461	0.07500	1.95	2.15	1.9
93463	0.08000	1.95	2.15	1.9
93464	0.08000	1.95	2.15	1.9
93465	0.07500	1.95	2.15	1.9
93483	0.07500	1.95	2.15	1.9
93501	0.07500	1.95	2.15	1.9
93502	0.07500	1.95	2.15	1.9
93504	0.07500	1.95	2.15	1.9
93505	0.07500	1.95	2.15	1.9
93510	0.09000	1.95	2.15	1.9
93512	0.07500	1.95	2.15	1.9
93513	0.08000	1.95	2.15	1.9
93514	0.08000	1.95	2.15	1.9
93515	0.08000	1.95	2.15	1.9
93516	0.07500	1.95	2.15	1.9
93517	0.07500	1.95	2.15	1.9
93518	0.07500	1.95	2.15	1.9
93519	0.07500	1.95	2.15	1.9
93522	0.08000	1.95	2.15	1.9
93523	0.07500	1.95	2.15	1.9
93524	0.07500	1.95	2.15	1.9
93526	0.08000	1.95	2.15	1.9
93527	0.07500	1.95	2.15	1.9
93528	0.07500	1.95	2.15	1.9
93529	0.07500	1.95	2.15	1.9
93530	0.08000	1.95	2.15	1.9
93531	0.07500	1.95	2.15	1.9
93532	0.09000	1.95	2.15	1.9
93534	0.09000	1.95	2.15	1.9
93535	0.09000	1.95	2.15	1.9
93536	0.09000	1.95	2.15	1.9
93539	0.09000	1.95	2.15	1.9
93541	0.07500	1.95	2.15	1.9
93542	0.08000	1.95	2.15	1.9
93543	0.09000	1.95	2.15	1.9
93544	0.09000	1.95	2.15	1.9
93545	0.08000	1.95	2.15	1.9
93546	0.07500	1.95	2.15	1.9
93549	0.08000	1.95	2.15	1.9
93550	0.09000	1.95	2.15	1.9
93551	0.09000	1.95	2.15	1.9
93552	0.09000	1.95	2.15	1.9
93553	0.09000	1.95	2.15	1.9
93554	0.07500	1.95	2.15	1.9
93555	0.07500	1.95	2.15	1.9
93556	0.07500	1.95	2.15	1.9
93558	0.08000	1.95	2.15	1.9
93560	0.07500	1.95	2.15	1.9
93561	0.07500	1.95	2.15	1.9
93562	0.08000	1.95	2.15	1.9
93563	0.09000	1.95	2.15	1.9
93581	0.07500	1.95	2.15	1.9
93584	0.09000	1.95	2.15	1.9
93586	0.09000	1.95	2.15	1.9
93590	0.09000	1.95	2.15	1.9
93591	0.09000	1.95	2.15	1.9
93592	0.08000	1.95	2.15	1.9
93596	0.07500	1.95	2.15	1.9
93599	0.09000	1.95	2.15	1.9
93601	0.08000	1.95	2.15	1.9
93602	0.08225	1.95	2.15	1.9
93603	0.08000	1.95	2.15	1.9
93604	0.08000	1.95	2.15	1.9
93605	0.08225	1.95	2.15	1.9
93606	0.08225	1.95	2.15	1.9
93607	0.08225	1.95	2.15	1.9
93608	0.08225	1.95	2.15	1.9
93609	0.08225	1.95	2.15	1.9
93610	0.08000	1.95	2.15	1.9
93611	0.08225	1.95	2.15	1.9
93612	0.08225	1.95	2.15	1.9
93613	0.08225	1.95	2.15	1.9
93614	0.08000	1.95	2.15	1.9
93615	0.08000	1.95	2.15	1.9
93616	0.08225	1.95	2.15	1.9
93618	0.08000	1.95	2.15	1.9
93620	0.07500	1.95	2.15	1.9
93621	0.08225	1.95	2.15	1.9
93622	0.08225	1.95	2.15	1.9
93623	0.08000	1.95	2.15	1.9
93624	0.08225	1.95	2.15	1.9
93625	0.08225	1.95	2.15	1.9
93626	0.08225	1.95	2.15	1.9
93627	0.08225	1.95	2.15	1.9
93628	0.08225	1.95	2.15	1.9
93630	0.08225	1.95	2.15	1.9
93631	0.08225	1.95	2.15	1.9
93633	0.08000	1.95	2.15	1.9
93634	0.08225	1.95	2.15	1.9
93635	0.07500	1.95	2.15	1.9
93637	0.08000	1.95	2.15	1.9
93638	0.08000	1.95	2.15	1.9
93639	0.08000	1.95	2.15	1.9
93640	0.08225	1.95	2.15	1.9
93641	0.08225	1.95	2.15	1.9
93642	0.08225	1.95	2.15	1.9
93643	0.08000	1.95	2.15	1.9
93644	0.08000	1.95	2.15	1.9
93645	0.08000	1.95	2.15	1.9
93646	0.08225	1.95	2.15	1.9
93647	0.08000	1.95	2.15	1.9
93648	0.08225	1.95	2.15	1.9
93649	0.08225	1.95	2.15	1.9
93650	0.08225	1.95	2.15	1.9
93651	0.08225	1.95	2.15	1.9
93652	0.08225	1.95	2.15	1.9
93653	0.08000	1.95	2.15	1.9
93654	0.08225	1.95	2.15	1.9
93656	0.08225	1.95	2.15	1.9
93657	0.08225	1.95	2.15	1.9
93660	0.08225	1.95	2.15	1.9
93661	0.07500	1.95	2.15	1.9
93662	0.08225	1.95	2.15	1.9
93664	0.08225	1.95	2.15	1.9
93665	0.07500	1.95	2.15	1.9
93666	0.08000	1.95	2.15	1.9
93667	0.08225	1.95	2.15	1.9
93668	0.08225	1.95	2.15	1.9
93669	0.08000	1.95	2.15	1.9
93670	0.08000	1.95	2.15	1.9
93673	0.08000	1.95	2.15	1.9
93675	0.08225	1.95	2.15	1.9
93701	0.08225	1.95	2.15	1.9
93702	0.08225	1.95	2.15	1.9
93703	0.08225	1.95	2.15	1.9
93704	0.08225	1.95	2.15	1.9
93705	0.08225	1.95	2.15	1.9
93706	0.08225	1.95	2.15	1.9
93707	0.08225	1.95	2.15	1.9
93708	0.08225	1.95	2.15	1.9
93709	0.08225	1.95	2.15	1.9
93710	0.08225	1.95	2.15	1.9
93711	0.08225	1.95	2.15	1.9
93712	0.08225	1.95	2.15	1.9
93714	0.08225	1.95	2.15	1.9
93715	0.08225	1.95	2.15	1.9
93716	0.08225	1.95	2.15	1.9
93717	0.08225	1.95	2.15	1.9
93718	0.08225	1.95	2.15	1.9
93720	0.08225	1.95	2.15	1.9
93721	0.08225	1.95	2.15	1.9
93722	0.08225	1.95	2.15	1.9
93724	0.08225	1.95	2.15	1.9
93725	0.08225	1.95	2.15	1.9
93726	0.08225	1.95	2.15	1.9
93727	0.08225	1.95	2.15	1.9
93728	0.08225	1.95	2.15	1.9
93729	0.08225	1.95	2.15	1.9
93740	0.08225	1.95	2.15	1.9
93741	0.08225	1.95	2.15	1.9
93744	0.08225	1.95	2.15	1.9
93745	0.08225	1.95	2.15	1.9
93747	0.08225	1.95	2.15	1.9
93750	0.08225	1.95	2.15	1.9
93755	0.08225	1.95	2.15	1.9
93760	0.08225	1.95	2.15	1.9
93761	0.08225	1.95	2.15	1.9
93762	0.08225	1.95	2.15	1.9
93764	0.08225	1.95	2.15	1.9
93765	0.08225	1.95	2.15	1.9
93771	0.08225	1.95	2.15	1.9
93772	0.08225	1.95	2.15	1.9
93773	0.08225	1.95	2.15	1.9
93774	0.08225	1.95	2.15	1.9
93775	0.08225	1.95	2.15	1.9
93776	0.08225	1.95	2.15	1.9
93777	0.08225	1.95	2.15	1.9
93778	0.08225	1.95	2.15	1.9
93779	0.08225	1.95	2.15	1.9
93780	0.08225	1.95	2.15	1.9
93784	0.08225	1.95	2.15	1.9
93786	0.08225	1.95	2.15	1.9
93790	0.08225	1.95	2.15	1.9
93791	0.08225	1.95	2.15	1.9
93792	0.08225	1.95	2.15	1.9
93793	0.08225	1.95	2.15	1.9
93794	0.08225	1.95	2.15	1.9
93844	0.08225	1.95	2.15	1.9
93888	0.08225	1.95	2.15	1.9
93901	0.07500	1.95	2.15	1.9
93902	0.07500	1.95	2.15	1.9
93905	0.07500	1.95	2.15	1.9
93906	0.07500	1.95	2.15	1.9
93907	0.07500	1.95	2.15	1.9
93908	0.07500	1.95	2.15	1.9
93912	0.07500	1.95	2.15	1.9
93915	0.07500	1.95	2.15	1.9
93920	0.07500	1.95	2.15	1.9
93921	0.07500	1.95	2.15	1.9
93922	0.07500	1.95	2.15	1.9
93923	0.07500	1.95	2.15	1.9
93924	0.07500	1.95	2.15	1.9
93925	0.07500	1.95	2.15	1.9
93926	0.07500	1.95	2.15	1.9
93927	0.07500	1.95	2.15	1.9
93928	0.07500	1.95	2.15	1.9
93930	0.07500	1.95	2.15	1.9
93932	0.07500	1.95	2.15	1.9
93933	0.07500	1.95	2.15	1.9
93940	0.07500	1.95	2.15	1.9
93942	0.07500	1.95	2.15	1.9
93943	0.07500	1.95	2.15	1.9
93944	0.07500	1.95	2.15	1.9
93950	0.07500	1.95	2.15	1.9
93953	0.07500	1.95	2.15	1.9
93954	0.07500	1.95	2.15	1.9
93955	0.07500	1.95	2.15	1.9
93960	0.07500	1.95	2.15	1.9
93962	0.07500	1.95	2.15	1.9
94002	0.09000	1.95	2.15	1.9
94003	0.09000	1.95	2.15	1.9
94005	0.09000	1.95	2.15	1.9
94010	0.09000	1.95	2.15	1.9
94011	0.09000	1.95	2.15	1.9
94012	0.09000	1.95	2.15	1.9
94013	0.09000	1.95	2.15	1.9
94014	0.09000	1.95	2.15	1.9
94015	0.09000	1.95	2.15	1.9
94016	0.09000	1.95	2.15	1.9
94017	0.09000	1.95	2.15	1.9
94018	0.09000	1.95	2.15	1.9
94019	0.09000	1.95	2.15	1.9
94020	0.09000	1.95	2.15	1.9
94021	0.09000	1.95	2.15	1.9
94022	0.08750	1.95	2.15	1.9
94023	0.08750	1.95	2.15	1.9
94024	0.08750	1.95	2.15	1.9
94025	0.09000	1.95	2.15	1.9
94026	0.09000	1.95	2.15	1.9
94027	0.09000	1.95	2.15	1.9
94028	0.09000	1.95	2.15	1.9
94029	0.09000	1.95	2.15	1.9
94030	0.09000	1.95	2.15	1.9
94031	0.09000	1.95	2.15	1.9
94035	0.08750	1.95	2.15	1.9
94037	0.09000	1.95	2.15	1.9
94038	0.09000	1.95	2.15	1.9
94039	0.08750	1.95	2.15	1.9
94040	0.08750	1.95	2.15	1.9
94041	0.08750	1.95	2.15	1.9
94042	0.08750	1.95	2.15	1.9
94043	0.08750	1.95	2.15	1.9
94044	0.09000	1.95	2.15	1.9
94045	0.09000	1.95	2.15	1.9
94059	0.09000	1.95	2.15	1.9
94060	0.09000	1.95	2.15	1.9
94061	0.09000	1.95	2.15	1.9
94062	0.09000	1.95	2.15	1.9
94063	0.09000	1.95	2.15	1.9
94064	0.09000	1.95	2.15	1.9
94065	0.09000	1.95	2.15	1.9
94066	0.09000	1.95	2.15	1.9
94067	0.09000	1.95	2.15	1.9
94070	0.09000	1.95	2.15	1.9
94071	0.09000	1.95	2.15	1.9
94074	0.09000	1.95	2.15	1.9
94080	0.09000	1.95	2.15	1.9
94083	0.09000	1.95	2.15	1.9
94085	0.08750	1.95	2.15	1.9
94086	0.08750	1.95	2.15	1.9
94087	0.08750	1.95	2.15	1.9
94088	0.08750	1.95	2.15	1.9
94089	0.08750	1.95	2.15	1.9
94090	0.08750	1.95	2.15	1.9
94096	0.09000	1.95	2.15	1.9
94098	0.09000	1.95	2.15	1.9
94099	0.09000	1.95	2.15	1.9
94101	0.08750	1.95	2.15	1.9
94102	0.08750	1.95	2.15	1.9
94103	0.08750	1.95	2.15	1.9
94104	0.08750	1.95	2.15	1.9
94105	0.08750	1.95	2.15	1.9
94106	0.08750	1.95	2.15	1.9
94107	0.08750	1.95	2.15	1.9
94108	0.08750	1.95	2.15	1.9
94109	0.08750	1.95	2.15	1.9
94110	0.08750	1.95	2.15	1.9
94111	0.08750	1.95	2.15	1.9
94112	0.08750	1.95	2.15	1.9
94114	0.08750	1.95	2.15	1.9
94115	0.08750	1.95	2.15	1.9
94116	0.08750	1.95	2.15	1.9
94117	0.08750	1.95	2.15	1.9
94118	0.08750	1.95	2.15	1.9
94119	0.08750	1.95	2.15	1.9
94120	0.08750	1.95	2.15	1.9
94121	0.08750	1.95	2.15	1.9
94122	0.08750	1.95	2.15	1.9
94123	0.08750	1.95	2.15	1.9
94124	0.08750	1.95	2.15	1.9
94125	0.08750	1.95	2.15	1.9
94126	0.08750	1.95	2.15	1.9
94127	0.08750	1.95	2.15	1.9
94128	0.09000	1.95	2.15	1.9
94129	0.08750	1.95	2.15	1.9
94130	0.08750	1.95	2.15	1.9
94131	0.08750	1.95	2.15	1.9
94132	0.08750	1.95	2.15	1.9
94133	0.08750	1.95	2.15	1.9
94134	0.08750	1.95	2.15	1.9
94135	0.08750	1.95	2.15	1.9
94136	0.08750	1.95	2.15	1.9
94137	0.08750	1.95	2.15	1.9
94138	0.08750	1.95	2.15	1.9
94139	0.08750	1.95	2.15	1.9
94140	0.08750	1.95	2.15	1.9
94141	0.08750	1.95	2.15	1.9
94142	0.08750	1.95	2.15	1.9
94143	0.08750	1.95	2.15	1.9
94144	0.08750	1.95	2.15	1.9
94145	0.08750	1.95	2.15	1.9
94146	0.08750	1.95	2.15	1.9
94147	0.08750	1.95	2.15	1.9
94150	0.08750	1.95	2.15	1.9
94151	0.08750	1.95	2.15	1.9
94152	0.08750	1.95	2.15	1.9
94153	0.08750	1.95	2.15	1.9
94154	0.08750	1.95	2.15	1.9
94155	0.08750	1.95	2.15	1.9
94156	0.08750	1.95	2.15	1.9
94157	0.08750	1.95	2.15	1.9
94159	0.08750	1.95	2.15	1.9
94160	0.08750	1.95	2.15	1.9
94161	0.08750	1.95	2.15	1.9
94162	0.08750	1.95	2.15	1.9
94163	0.08750	1.95	2.15	1.9
94164	0.08750	1.95	2.15	1.9
94165	0.08750	1.95	2.15	1.9
94166	0.08750	1.95	2.15	1.9
94167	0.08750	1.95	2.15	1.9
94168	0.08750	1.95	2.15	1.9
94169	0.08750	1.95	2.15	1.9
94170	0.08750	1.95	2.15	1.9
94171	0.08750	1.95	2.15	1.9
94172	0.08750	1.95	2.15	1.9
94175	0.08750	1.95	2.15	1.9
94177	0.08750	1.95	2.15	1.9
94188	0.08750	1.95	2.15	1.9
94203	0.08000	1.95	2.15	1.9
94204	0.08000	1.95	2.15	1.9
94205	0.08000	1.95	2.15	1.9
94206	0.08000	1.95	2.15	1.9
94207	0.08000	1.95	2.15	1.9
94208	0.08000	1.95	2.15	1.9
94209	0.08000	1.95	2.15	1.9
94211	0.08000	1.95	2.15	1.9
94229	0.08000	1.95	2.15	1.9
94230	0.08000	1.95	2.15	1.9
94232	0.08000	1.95	2.15	1.9
94234	0.08000	1.95	2.15	1.9
94235	0.08000	1.95	2.15	1.9
94236	0.08000	1.95	2.15	1.9
94237	0.08000	1.95	2.15	1.9
94239	0.08000	1.95	2.15	1.9
94240	0.08000	1.95	2.15	1.9
94243	0.08000	1.95	2.15	1.9
94244	0.08000	1.95	2.15	1.9
94245	0.08000	1.95	2.15	1.9
94246	0.08000	1.95	2.15	1.9
94247	0.08000	1.95	2.15	1.9
94248	0.08000	1.95	2.15	1.9
94249	0.08000	1.95	2.15	1.9
94250	0.08000	1.95	2.15	1.9
94252	0.08000	1.95	2.15	1.9
94253	0.08000	1.95	2.15	1.9
94254	0.08000	1.95	2.15	1.9
94256	0.08000	1.95	2.15	1.9
94257	0.08000	1.95	2.15	1.9
94258	0.08000	1.95	2.15	1.9
94259	0.08000	1.95	2.15	1.9
94261	0.08000	1.95	2.15	1.9
94262	0.08000	1.95	2.15	1.9
94263	0.08000	1.95	2.15	1.9
94267	0.08000	1.95	2.15	1.9
94268	0.08000	1.95	2.15	1.9
94269	0.08000	1.95	2.15	1.9
94271	0.08000	1.95	2.15	1.9
94273	0.08000	1.95	2.15	1.9
94274	0.08000	1.95	2.15	1.9
94277	0.08000	1.95	2.15	1.9
94278	0.08000	1.95	2.15	1.9
94279	0.08000	1.95	2.15	1.9
94280	0.08000	1.95	2.15	1.9
94282	0.08000	1.95	2.15	1.9
94283	0.08000	1.95	2.15	1.9
94284	0.08000	1.95	2.15	1.9
94285	0.08000	1.95	2.15	1.9
94286	0.08000	1.95	2.15	1.9
94287	0.08000	1.95	2.15	1.9
94288	0.08000	1.95	2.15	1.9
94289	0.08000	1.95	2.15	1.9
94290	0.08000	1.95	2.15	1.9
94291	0.08000	1.95	2.15	1.9
94293	0.08000	1.95	2.15	1.9
94294	0.08000	1.95	2.15	1.9
94295	0.08000	1.95	2.15	1.9
94296	0.08000	1.95	2.15	1.9
94297	0.08000	1.95	2.15	1.9
94298	0.08000	1.95	2.15	1.9
94299	0.08000	1.95	2.15	1.9
94301	0.08750	1.45	1.53	1.66
94302	0.08750	1.45	1.53	1.66
94303	0.09000	1.45	1.53	1.66
94304	0.08750	1.45	1.53	1.66
94305	0.08750	1.45	1.53	1.66
94306	0.08750	1.45	1.53	1.66
94307	0.09000	1.45	1.53	1.66
94308	0.09000	1.45	1.53	1.66
94309	0.08750	1.45	1.53	1.66
94310	0.08750	1.45	1.53	1.66
94401	0.09000	1.45	1.53	1.66
94402	0.09000	1.45	1.53	1.66
94403	0.09000	1.45	1.53	1.66
94404	0.09000	1.45	1.53	1.66
94405	0.09000	1.45	1.53	1.66
94406	0.09000	1.45	1.53	1.66
94407	0.09000	1.45	1.53	1.66
94408	0.09000	1.45	1.53	1.66
94409	0.09000	1.45	1.53	1.66
94497	0.09000	1.45	1.53	1.66
94501	0.09000	1.45	1.53	1.66
94502	0.09000	1.45	1.53	1.66
94503	0.08000	1.45	1.53	1.66
94506	0.08500	1.45	1.53	1.66
94507	0.08500	1.45	1.53	1.66
94508	0.08000	1.45	1.53	1.66
94509	0.08500	1.45	1.53	1.66
94510	0.07625	1.45	1.53	1.66
94511	0.08500	1.45	1.53	1.66
94512	0.07625	1.45	1.53	1.66
94513	0.08500	1.45	1.53	1.66
94514	0.08500	1.45	1.53	1.66
94515	0.08000	1.45	1.53	1.66
94516	0.08500	1.45	1.53	1.66
94517	0.08500	1.45	1.53	1.66
94518	0.08500	1.45	1.53	1.66
94519	0.08500	1.45	1.53	1.66
94520	0.08500	1.45	1.53	1.66
94521	0.08500	1.45	1.53	1.66
94522	0.08500	1.45	1.53	1.66
94523	0.08500	1.45	1.53	1.66
94524	0.08500	1.45	1.53	1.66
94525	0.08500	1.45	1.53	1.66
94526	0.08500	1.45	1.53	1.66
94527	0.08500	1.45	1.53	1.66
94528	0.08500	1.45	1.53	1.66
94529	0.08500	1.45	1.53	1.66
94530	0.08500	1.45	1.53	1.66
94531	0.08500	1.45	1.53	1.66
94533	0.07625	1.45	1.53	1.66
94535	0.07625	1.45	1.53	1.66
94536	0.09000	1.45	1.53	1.66
94537	0.09000	1.45	1.53	1.66
94538	0.09000	1.45	1.53	1.66
94539	0.09000	1.45	1.53	1.66
94540	0.09000	1.45	1.53	1.66
94541	0.09000	1.45	1.53	1.66
94542	0.09000	1.45	1.53	1.66
94543	0.09000	1.45	1.53	1.66
94544	0.09000	1.45	1.53	1.66
94545	0.09000	1.45	1.53	1.66
94546	0.09000	1.45	1.53	1.66
94547	0.08500	1.45	1.53	1.66
94548	0.08500	1.45	1.53	1.66
94549	0.08500	1.45	1.53	1.66
94550	0.09000	1.45	1.53	1.66
94551	0.09000	1.45	1.53	1.66
94552	0.09000	1.45	1.53	1.66
94553	0.08500	1.45	1.53	1.66
94555	0.09000	1.45	1.53	1.66
94556	0.08500	1.45	1.53	1.66
94557	0.09000	1.45	1.53	1.66
94558	0.08000	1.45	1.53	1.66
94559	0.08000	1.45	1.53	1.66
94560	0.09000	1.45	1.53	1.66
94561	0.08500	1.45	1.53	1.66
94562	0.08000	1.45	1.53	1.66
94563	0.08500	1.45	1.53	1.66
94564	0.08500	1.45	1.53	1.66
94565	0.08500	1.45	1.53	1.66
94566	0.09000	1.45	1.53	1.66
94567	0.08000	1.45	1.53	1.66
94568	0.09000	1.45	1.53	1.66
94569	0.08500	1.45	1.53	1.66
94570	0.08500	1.45	1.53	1.66
94571	0.07625	1.45	1.53	1.66
94572	0.08500	1.45	1.53	1.66
94573	0.08000	1.45	1.53	1.66
94574	0.08000	1.45	1.53	1.66
94575	0.08500	1.45	1.53	1.66
94576	0.08000	1.45	1.53	1.66
94577	0.09000	1.45	1.53	1.66
94578	0.09000	1.45	1.53	1.66
94579	0.09000	1.45	1.53	1.66
94580	0.09000	1.45	1.53	1.66
94581	0.08000	1.45	1.53	1.66
94583	0.08500	1.45	1.53	1.66
94585	0.07625	1.45	1.53	1.66
94586	0.09000	1.45	1.53	1.66
94587	0.09000	1.45	1.53	1.66
94588	0.09000	1.45	1.53	1.66
94589	0.07625	1.45	1.53	1.66
94590	0.07625	1.45	1.53	1.66
94591	0.07625	1.45	1.53	1.66
94592	0.07625	1.45	1.53	1.66
94595	0.08500	1.45	1.53	1.66
94596	0.08500	1.45	1.53	1.66
94597	0.08500	1.45	1.53	1.66
94598	0.08500	1.45	1.53	1.66
94599	0.08000	1.45	1.53	1.66
94601	0.09000	1.45	1.53	1.66
94602	0.09000	1.45	1.53	1.66
94603	0.09000	1.45	1.53	1.66
94604	0.09000	1.45	1.53	1.66
94605	0.09000	1.45	1.53	1.66
94606	0.09000	1.45	1.53	1.66
94607	0.09000	1.45	1.53	1.66
94608	0.09000	1.45	1.53	1.66
94609	0.09000	1.45	1.53	1.66
94610	0.09000	1.45	1.53	1.66
94611	0.09000	1.45	1.53	1.66
94612	0.09000	1.45	1.53	1.66
94613	0.09000	1.45	1.53	1.66
94614	0.09000	1.45	1.53	1.66
94615	0.09000	1.45	1.53	1.66
94617	0.09000	1.45	1.53	1.66
94618	0.09000	1.45	1.53	1.66
94619	0.09000	1.45	1.53	1.66
94620	0.09000	1.45	1.53	1.66
94621	0.09000	1.45	1.53	1.66
94622	0.09000	1.45	1.53	1.66
94623	0.09000	1.45	1.53	1.66
94624	0.09000	1.45	1.53	1.66
94625	0.09000	1.45	1.53	1.66
94626	0.09000	1.45	1.53	1.66
94627	0.09000	1.45	1.53	1.66
94643	0.09000	1.45	1.53	1.66
94649	0.09000	1.45	1.53	1.66
94659	0.09000	1.45	1.53	1.66
94660	0.09000	1.45	1.53	1.66
94661	0.09000	1.45	1.53	1.66
94662	0.09000	1.45	1.53	1.66
94666	0.09000	1.45	1.53	1.66
94701	0.09000	1.45	1.53	1.66
94702	0.09000	1.45	1.53	1.66
94703	0.09000	1.45	1.53	1.66
94704	0.09000	1.45	1.53	1.66
94705	0.09000	1.45	1.53	1.66
94706	0.09000	1.45	1.53	1.66
94707	0.09000	1.45	1.53	1.66
94708	0.09000	1.45	1.53	1.66
94709	0.09000	1.45	1.53	1.66
94710	0.09000	1.45	1.53	1.66
94712	0.09000	1.45	1.53	1.66
94720	0.09000	1.45	1.53	1.66
94801	0.08500	1.45	1.53	1.66
94802	0.08500	1.45	1.53	1.66
94803	0.08500	1.45	1.53	1.66
94804	0.08500	1.45	1.53	1.66
94805	0.08500	1.45	1.53	1.66
94806	0.08500	1.45	1.53	1.66
94807	0.08500	1.45	1.53	1.66
94808	0.08500	1.45	1.53	1.66
94820	0.08500	1.45	1.53	1.66
94850	0.08500	1.45	1.53	1.66
94901	0.08500	1.45	1.53	1.66
94903	0.08500	1.45	1.53	1.66
94904	0.08500	1.45	1.53	1.66
94912	0.08500	1.45	1.53	1.66
94913	0.08500	1.45	1.53	1.66
94914	0.08500	1.45	1.53	1.66
94915	0.08500	1.45	1.53	1.66
94920	0.08500	1.45	1.53	1.66
94922	0.08250	1.45	1.53	1.66
94923	0.08250	1.45	1.53	1.66
94924	0.08500	1.45	1.53	1.66
94925	0.08500	1.45	1.53	1.66
94926	0.08250	1.45	1.53	1.66
94927	0.08250	1.45	1.53	1.66
94928	0.08250	1.45	1.53	1.66
94929	0.08500	1.45	1.53	1.66
94930	0.08500	1.45	1.53	1.66
94931	0.08250	1.45	1.53	1.66
94933	0.08500	1.45	1.53	1.66
94937	0.08500	1.45	1.53	1.66
94938	0.08500	1.45	1.53	1.66
94939	0.08500	1.45	1.53	1.66
94940	0.08500	1.45	1.53	1.66
94941	0.08500	1.45	1.53	1.66
94942	0.08500	1.45	1.53	1.66
94945	0.08500	1.45	1.53	1.66
94946	0.08500	1.45	1.53	1.66
94947	0.08500	1.45	1.53	1.66
94948	0.08500	1.45	1.53	1.66
94949	0.08500	1.45	1.53	1.66
94950	0.08500	1.45	1.53	1.66
94951	0.08250	1.45	1.53	1.66
94952	0.08250	1.45	1.53	1.66
94953	0.08250	1.45	1.53	1.66
94954	0.08250	1.45	1.53	1.66
94955	0.08250	1.45	1.53	1.66
94956	0.08500	1.45	1.53	1.66
94957	0.08500	1.45	1.53	1.66
94960	0.08500	1.45	1.53	1.66
94963	0.08500	1.45	1.53	1.66
94964	0.08500	1.45	1.53	1.66
94965	0.08500	1.45	1.53	1.66
94966	0.08500	1.45	1.53	1.66
94970	0.08500	1.45	1.53	1.66
94971	0.08500	1.45	1.53	1.66
94972	0.08250	1.45	1.53	1.66
94973	0.08500	1.45	1.53	1.66
94974	0.08500	1.45	1.53	1.66
94975	0.08250	1.45	1.53	1.66
94976	0.08500	1.45	1.53	1.66
94977	0.08500	1.45	1.53	1.66
94978	0.08500	1.45	1.53	1.66
94979	0.08500	1.45	1.53	1.66
94998	0.08500	1.45	1.53	1.66
94999	0.08250	1.45	1.53	1.66
95001	0.08250	1.45	1.53	1.66
95002	0.08750	1.45	1.53	1.66
95003	0.08250	1.45	1.53	1.66
95004	0.07500	1.45	1.53	1.66
95005	0.08250	1.45	1.53	1.66
95006	0.08250	1.45	1.53	1.66
95007	0.08250	1.45	1.53	1.66
95008	0.08750	1.45	1.53	1.66
95009	0.08750	1.45	1.53	1.66
95010	0.08250	1.45	1.53	1.66
95011	0.08750	1.45	1.53	1.66
95012	0.07500	1.45	1.53	1.66
95013	0.08750	1.45	1.53	1.66
95014	0.08750	1.45	1.53	1.66
95015	0.08750	1.45	1.53	1.66
95017	0.08250	1.45	1.53	1.66
95018	0.08250	1.45	1.53	1.66
95019	0.08250	1.45	1.53	1.66
95020	0.08750	1.45	1.53	1.66
95021	0.08750	1.45	1.53	1.66
95023	0.07500	1.45	1.53	1.66
95024	0.07500	1.45	1.53	1.66
95026	0.08750	1.45	1.53	1.66
95030	0.08750	1.45	1.53	1.66
95031	0.08750	1.45	1.53	1.66
95032	0.08750	1.45	1.53	1.66
95033	0.08750	1.45	1.53	1.66
95035	0.08750	1.45	1.53	1.66
95036	0.08750	1.45	1.53	1.66
95037	0.08750	1.45	1.53	1.66
95038	0.08750	1.45	1.53	1.66
95039	0.07500	1.45	1.53	1.66
95041	0.08250	1.45	1.53	1.66
95042	0.08750	1.45	1.53	1.66
95043	0.07500	1.45	1.53	1.66
95044	0.08750	1.45	1.53	1.66
95045	0.07500	1.45	1.53	1.66
95046	0.08750	1.45	1.53	1.66
95050	0.08750	1.45	1.53	1.66
95051	0.08750	1.45	1.53	1.66
95052	0.08750	1.45	1.53	1.66
95053	0.08750	1.45	1.53	1.66
95054	0.08750	1.45	1.53	1.66
95055	0.08750	1.45	1.53	1.66
95056	0.08750	1.45	1.53	1.66
95060	0.08250	1.45	1.53	1.66
95061	0.08250	1.45	1.53	1.66
95062	0.08250	1.45	1.53	1.66
95063	0.08250	1.45	1.53	1.66
95064	0.08250	1.45	1.53	1.66
95065	0.08250	1.45	1.53	1.66
95066	0.08250	1.45	1.53	1.66
95067	0.08250	1.45	1.53	1.66
95070	0.08750	1.45	1.53	1.66
95071	0.08750	1.45	1.53	1.66
95073	0.08250	1.45	1.53	1.66
95075	0.07500	1.45	1.53	1.66
95076	0.08250	1.45	1.53	1.66
95077	0.08250	1.45	1.53	1.66
95101	0.08750	1.45	1.53	1.66
95102	0.08750	1.45	1.53	1.66
95103	0.08750	1.45	1.53	1.66
95106	0.08750	1.45	1.53	1.66
95108	0.08750	1.45	1.53	1.66
95109	0.08750	1.45	1.53	1.66
95110	0.08750	1.45	1.53	1.66
95111	0.08750	1.45	1.53	1.66
95112	0.08750	1.45	1.53	1.66
95113	0.08750	1.45	1.53	1.66
95114	0.08750	1.45	1.53	1.66
95115	0.08750	1.45	1.53	1.66
95116	0.08750	1.45	1.53	1.66
95117	0.08750	1.45	1.53	1.66
95118	0.08750	1.45	1.53	1.66
95119	0.08750	1.45	1.53	1.66
95120	0.08750	1.45	1.53	1.66
95121	0.08750	1.45	1.53	1.66
95122	0.08750	1.45	1.53	1.66
95123	0.08750	1.45	1.53	1.66
95124	0.08750	1.45	1.53	1.66
95125	0.08750	1.45	1.53	1.66
95126	0.08750	1.45	1.53	1.66
95127	0.08750	1.45	1.53	1.66
95128	0.08750	1.45	1.53	1.66
95129	0.08750	1.45	1.53	1.66
95130	0.08750	1.45	1.53	1.66
95131	0.08750	1.45	1.53	1.66
95132	0.08750	1.45	1.53	1.66
95133	0.08750	1.45	1.53	1.66
95134	0.08750	1.45	1.53	1.66
95135	0.08750	1.45	1.53	1.66
95136	0.08750	1.45	1.53	1.66
95137	0.08750	1.45	1.53	1.66
95138	0.08750	1.45	1.53	1.66
95139	0.08750	1.45	1.53	1.66
95140	0.08750	1.45	1.53	1.66
95141	0.08750	1.45	1.53	1.66
95142	0.08750	1.45	1.53	1.66
95148	0.08750	1.45	1.53	1.66
95150	0.08750	1.45	1.53	1.66
95151	0.08750	1.45	1.53	1.66
95152	0.08750	1.45	1.53	1.66
95153	0.08750	1.45	1.53	1.66
95154	0.08750	1.45	1.53	1.66
95155	0.08750	1.45	1.53	1.66
95156	0.08750	1.45	1.53	1.66
95157	0.08750	1.45	1.53	1.66
95158	0.08750	1.45	1.53	1.66
95159	0.08750	1.45	1.53	1.66
95160	0.08750	1.45	1.53	1.66
95161	0.08750	1.45	1.53	1.66
95164	0.08750	1.45	1.53	1.66
95170	0.08750	1.45	1.53	1.66
95171	0.08750	1.45	1.53	1.66
95172	0.08750	1.45	1.53	1.66
95173	0.08750	1.45	1.53	1.66
95190	0.08750	1.45	1.53	1.66
95191	0.08750	1.45	1.53	1.66
95192	0.08750	1.45	1.53	1.66
95193	0.08750	1.45	1.53	1.66
95194	0.08750	1.45	1.53	1.66
95196	0.08750	1.45	1.53	1.66
95201	0.08000	1.45	1.53	1.66
95202	0.08000	1.45	1.53	1.66
95203	0.08000	1.45	1.53	1.66
95204	0.08000	1.45	1.53	1.66
95205	0.08000	1.45	1.53	1.66
95206	0.08000	1.45	1.53	1.66
95207	0.08000	1.45	1.53	1.66
95208	0.08000	1.45	1.53	1.66
95209	0.08000	1.45	1.53	1.66
95210	0.08000	1.45	1.53	1.66
95211	0.08000	1.45	1.53	1.66
95212	0.08000	1.45	1.53	1.66
95213	0.08000	1.45	1.53	1.66
95215	0.08000	1.45	1.53	1.66
95219	0.08000	1.45	1.53	1.66
95220	0.08000	1.45	1.53	1.66
95221	0.07500	1.45	1.53	1.66
95222	0.07500	1.45	1.53	1.66
95223	0.07500	1.45	1.53	1.66
95224	0.07500	1.45	1.53	1.66
95225	0.07500	1.45	1.53	1.66
95226	0.07500	1.45	1.53	1.66
95227	0.08000	1.45	1.53	1.66
95228	0.07500	1.45	1.53	1.66
95229	0.07500	1.45	1.53	1.66
95230	0.08000	1.45	1.53	1.66
95231	0.08000	1.45	1.53	1.66
95232	0.07500	1.45	1.53	1.66
95233	0.07500	1.45	1.53	1.66
95234	0.08000	1.45	1.53	1.66
95236	0.08000	1.45	1.53	1.66
95237	0.08000	1.45	1.53	1.66
95240	0.08000	1.45	1.53	1.66
95241	0.08000	1.45	1.53	1.66
95242	0.08000	1.45	1.53	1.66
95245	0.07500	1.45	1.53	1.66
95246	0.07500	1.45	1.53	1.66
95247	0.07500	1.45	1.53	1.66
95248	0.07500	1.45	1.53	1.66
95249	0.07500	1.45	1.53	1.66
95250	0.07500	1.45	1.53	1.66
95251	0.07500	1.45	1.53	1.66
95252	0.07500	1.45	1.53	1.66
95253	0.08000	1.45	1.53	1.66
95254	0.07500	1.45	1.53	1.66
95255	0.07500	1.45	1.53	1.66
95257	0.07500	1.45	1.53	1.66
95258	0.08000	1.45	1.53	1.66
95267	0.08000	1.45	1.53	1.66
95269	0.08000	1.45	1.53	1.66
95290	0.08000	1.45	1.53	1.66
95296	0.08000	1.45	1.53	1.66
95297	0.08000	1.45	1.53	1.66
95298	0.08000	1.45	1.53	1.66
95301	0.07500	1.45	1.53	1.66
95303	0.07500	1.45	1.53	1.66
95304	0.08000	1.45	1.53	1.66
95305	0.07500	1.45	1.53	1.66
95306	0.08000	1.45	1.53	1.66
95307	0.07625	1.45	1.53	1.66
95309	0.07500	1.45	1.53	1.66
95310	0.07500	1.45	1.53	1.66
95311	0.08000	1.45	1.53	1.66
95312	0.07500	1.45	1.53	1.66
95313	0.07625	1.45	1.53	1.66
95314	0.07500	1.45	1.53	1.66
95315	0.07500	1.45	1.53	1.66
95316	0.07625	1.45	1.53	1.66
95317	0.07500	1.45	1.53	1.66
95318	0.08000	1.45	1.53	1.66
95319	0.07625	1.45	1.53	1.66
95320	0.08000	1.45	1.53	1.66
95321	0.07500	1.45	1.53	1.66
95322	0.07500	1.45	1.53	1.66
95323	0.07625	1.45	1.53	1.66
95324	0.07500	1.45	1.53	1.66
95325	0.08000	1.45	1.53	1.66
95326	0.07625	1.45	1.53	1.66
95327	0.07500	1.45	1.53	1.66
95328	0.07625	1.45	1.53	1.66
95329	0.07625	1.45	1.53	1.66
95330	0.08000	1.45	1.53	1.66
95333	0.07500	1.45	1.53	1.66
95334	0.07500	1.45	1.53	1.66
95335	0.07500	1.45	1.53	1.66
95336	0.08000	1.45	1.53	1.66
95337	0.08000	1.45	1.53	1.66
95338	0.08000	1.45	1.53	1.66
95340	0.07500	1.45	1.53	1.66
95341	0.07500	1.45	1.53	1.66
95342	0.07500	1.45	1.53	1.66
95343	0.07500	1.45	1.53	1.66
95344	0.07500	1.45	1.53	1.66
95345	0.08000	1.45	1.53	1.66
95346	0.07500	1.45	1.53	1.66
95347	0.07500	1.45	1.53	1.66
95348	0.07500	1.45	1.53	1.66
95350	0.07625	1.45	1.53	1.66
95351	0.07625	1.45	1.53	1.66
95352	0.07625	1.45	1.53	1.66
95353	0.07625	1.45	1.53	1.66
95354	0.07625	1.45	1.53	1.66
95355	0.07625	1.45	1.53	1.66
95356	0.07625	1.45	1.53	1.66
95357	0.07625	1.45	1.53	1.66
95358	0.07625	1.45	1.53	1.66
95360	0.07625	1.45	1.53	1.66
95361	0.07625	1.45	1.53	1.66
95363	0.07625	1.45	1.53	1.66
95364	0.07500	1.45	1.53	1.66
95365	0.07500	1.45	1.53	1.66
95366	0.08000	1.45	1.53	1.66
95367	0.07625	1.45	1.53	1.66
95368	0.07625	1.45	1.53	1.66
95369	0.07500	1.45	1.53	1.66
95370	0.07500	1.45	1.53	1.66
95372	0.07500	1.45	1.53	1.66
95373	0.07500	1.45	1.53	1.66
95374	0.07500	1.45	1.53	1.66
95375	0.07500	1.45	1.53	1.66
95376	0.08000	1.45	1.53	1.66
95377	0.08000	1.45	1.53	1.66
95378	0.08000	1.45	1.53	1.66
95379	0.07500	1.45	1.53	1.66
95380	0.07625	1.45	1.53	1.66
95381	0.07625	1.45	1.53	1.66
95382	0.07625	1.45	1.53	1.66
95383	0.07500	1.45	1.53	1.66
95385	0.08000	1.45	1.53	1.66
95386	0.07625	1.45	1.53	1.66
95387	0.07625	1.45	1.53	1.66
95388	0.07500	1.45	1.53	1.66
95389	0.08000	1.45	1.53	1.66
95390	0.07625	1.45	1.53	1.66
95391	0.08000	1.45	1.53	1.66
95397	0.07625	1.45	1.53	1.66
95401	0.08250	1.45	1.53	1.66
95402	0.08250	1.45	1.53	1.66
95403	0.08250	1.45	1.53	1.66
95404	0.08250	1.45	1.53	1.66
95405	0.08250	1.45	1.53	1.66
95406	0.08250	1.45	1.53	1.66
95407	0.08250	1.45	1.53	1.66
95408	0.08250	1.45	1.53	1.66
95409	0.08250	1.45	1.53	1.66
95410	0.07625	1.45	1.53	1.66
95412	0.08250	1.45	1.53	1.66
95415	0.07625	1.45	1.53	1.66
95416	0.08250	1.45	1.53	1.66
95417	0.07625	1.45	1.53	1.66
95418	0.07625	1.45	1.53	1.66
95419	0.08250	1.45	1.53	1.66
95420	0.07625	1.45	1.53	1.66
95421	0.08250	1.45	1.53	1.66
95422	0.07500	1.45	1.53	1.66
95423	0.07500	1.45	1.53	1.66
95424	0.07500	1.45	1.53	1.66
95425	0.08250	1.45	1.53	1.66
95426	0.07500	1.45	1.53	1.66
95427	0.07625	1.45	1.53	1.66
95428	0.07625	1.45	1.53	1.66
95429	0.07625	1.45	1.53	1.66
95430	0.08250	1.45	1.53	1.66
95431	0.08250	1.45	1.53	1.66
95432	0.07625	1.45	1.53	1.66
95433	0.08250	1.45	1.53	1.66
95435	0.07500	1.45	1.53	1.66
95436	0.08250	1.45	1.53	1.66
95437	0.07625	1.45	1.53	1.66
95439	0.08250	1.45	1.53	1.66
95441	0.08250	1.45	1.53	1.66
95442	0.08250	1.45	1.53	1.66
95443	0.07500	1.45	1.53	1.66
95444	0.08250	1.45	1.53	1.66
95445	0.07625	1.45	1.53	1.66
95446	0.08250	1.45	1.53	1.66
95448	0.08250	1.45	1.53	1.66
95449	0.07625	1.45	1.53	1.66
95450	0.08250	1.45	1.53	1.66
95451	0.07500	1.45	1.53	1.66
95452	0.08250	1.45	1.53	1.66
95453	0.07500	1.45	1.53	1.66
95454	0.07625	1.45	1.53	1.66
95456	0.07625	1.45	1.53	1.66
95457	0.07500	1.45	1.53	1.66
95458	0.07500	1.45	1.53	1.66
95459	0.07625	1.45	1.53	1.66
95460	0.07625	1.45	1.53	1.66
95461	0.07500	1.45	1.53	1.66
95462	0.08250	1.45	1.53	1.66
95463	0.07625	1.45	1.53	1.66
95464	0.07500	1.45	1.53	1.66
95465	0.08250	1.45	1.53	1.66
95466	0.07625	1.45	1.53	1.66
95468	0.07625	1.45	1.53	1.66
95469	0.07625	1.45	1.53	1.66
95470	0.07625	1.45	1.53	1.66
95471	0.08250	1.45	1.53	1.66
95472	0.08250	1.45	1.53	1.66
95473	0.08250	1.45	1.53	1.66
95476	0.08250	1.45	1.53	1.66
95480	0.08250	1.45	1.53	1.66
95481	0.07625	1.45	1.53	1.66
95482	0.07625	1.45	1.53	1.66
95485	0.07500	1.45	1.53	1.66
95486	0.08250	1.45	1.53	1.66
95487	0.08250	1.45	1.53	1.66
95488	0.07625	1.45	1.53	1.66
95490	0.07625	1.45	1.53	1.66
95492	0.08250	1.45	1.53	1.66
95493	0.07500	1.45	1.53	1.66
95494	0.07625	1.45	1.53	1.66
95497	0.08250	1.45	1.53	1.66
95501	0.07500	1.45	1.53	1.66
95502	0.07500	1.45	1.53	1.66
95503	0.07500	1.45	1.53	1.66
95511	0.07500	1.45	1.53	1.66
95514	0.07500	1.45	1.53	1.66
95518	0.07500	1.45	1.53	1.66
95519	0.07500	1.45	1.53	1.66
95521	0.07500	1.45	1.53	1.66
95524	0.07500	1.45	1.53	1.66
95525	0.07500	1.45	1.53	1.66
95526	0.07500	1.45	1.53	1.66
95527	0.07500	1.45	1.53	1.66
95528	0.07500	1.45	1.53	1.66
95531	0.07500	1.45	1.53	1.66
95532	0.07500	1.45	1.53	1.66
95534	0.07500	1.45	1.53	1.66
95536	0.07500	1.45	1.53	1.66
95537	0.07500	1.45	1.53	1.66
95538	0.07500	1.45	1.53	1.66
95540	0.07500	1.45	1.53	1.66
95542	0.07500	1.45	1.53	1.66
95543	0.07500	1.45	1.53	1.66
95545	0.07500	1.45	1.53	1.66
95546	0.07500	1.45	1.53	1.66
95547	0.07500	1.45	1.53	1.66
95548	0.07500	1.45	1.53	1.66
95549	0.07500	1.45	1.53	1.66
95550	0.07500	1.45	1.53	1.66
95551	0.07500	1.45	1.53	1.66
95552	0.07500	1.45	1.53	1.66
95553	0.07500	1.45	1.53	1.66
95554	0.07500	1.45	1.53	1.66
95555	0.07500	1.45	1.53	1.66
95556	0.07500	1.45	1.53	1.66
95558	0.07500	1.45	1.53	1.66
95559	0.07500	1.45	1.53	1.66
95560	0.07500	1.45	1.53	1.66
95562	0.07500	1.45	1.53	1.66
95563	0.07500	1.45	1.53	1.66
95564	0.07500	1.45	1.53	1.66
95565	0.07500	1.45	1.53	1.66
95567	0.07500	1.45	1.53	1.66
95568	0.07500	1.45	1.53	1.66
95569	0.07500	1.45	1.53	1.66
95570	0.07500	1.45	1.53	1.66
95571	0.07500	1.45	1.53	1.66
95573	0.07500	1.45	1.53	1.66
95585	0.07625	1.45	1.53	1.66
95587	0.07625	1.45	1.53	1.66
95589	0.07500	1.45	1.53	1.66
95595	0.07500	1.45	1.53	1.66
95601	0.08000	1.45	1.53	1.66
95602	0.07500	1.45	1.53	1.66
95603	0.07500	1.45	1.53	1.66
95604	0.07500	1.45	1.53	1.66
95605	0.07500	1.45	1.53	1.66
95606	0.07500	1.45	1.53	1.66
95607	0.07500	1.45	1.53	1.66
95608	0.08000	1.45	1.53	1.66
95609	0.08000	1.45	1.53	1.66
95610	0.08000	1.45	1.53	1.66
95611	0.08000	1.45	1.53	1.66
95612	0.07500	1.45	1.53	1.66
95613	0.07500	1.45	1.53	1.66
95614	0.07500	1.45	1.53	1.66
95615	0.08000	1.45	1.53	1.66
95616	0.07500	1.45	1.53	1.66
95617	0.07500	1.45	1.53	1.66
95618	0.07500	1.45	1.53	1.66
95619	0.07500	1.45	1.53	1.66
95620	0.07625	1.45	1.53	1.66
95621	0.08000	1.45	1.53	1.66
95623	0.07500	1.45	1.53	1.66
95624	0.08000	1.45	1.53	1.66
95625	0.07625	1.45	1.53	1.66
95626	0.08000	1.45	1.53	1.66
95627	0.07500	1.45	1.53	1.66
95628	0.08000	1.45	1.53	1.66
95629	0.08000	1.45	1.53	1.66
95630	0.08000	1.45	1.53	1.66
95631	0.07500	1.45	1.53	1.66
95632	0.08000	1.45	1.53	1.66
95633	0.07500	1.45	1.53	1.66
95634	0.07500	1.45	1.53	1.66
95635	0.07500	1.45	1.53	1.66
95636	0.07500	1.45	1.53	1.66
95637	0.07500	1.45	1.53	1.66
95638	0.08000	1.45	1.53	1.66
95639	0.08000	1.45	1.53	1.66
95640	0.08000	1.45	1.53	1.66
95641	0.08000	1.45	1.53	1.66
95642	0.08000	1.45	1.53	1.66
95644	0.08000	1.45	1.53	1.66
95645	0.07500	1.45	1.53	1.66
95646	0.07500	1.45	1.53	1.66
95648	0.07500	1.45	1.53	1.66
95650	0.07500	1.45	1.53	1.66
95651	0.07500	1.45	1.53	1.66
95652	0.08000	1.45	1.53	1.66
95653	0.07500	1.45	1.53	1.66
95654	0.08000	1.45	1.53	1.66
95655	0.08000	1.45	1.53	1.66
95656	0.07500	1.45	1.53	1.66
95658	0.07500	1.45	1.53	1.66
95659	0.07500	1.45	1.53	1.66
95660	0.08000	1.45	1.53	1.66
95661	0.07500	1.45	1.53	1.66
95662	0.08000	1.45	1.53	1.66
95663	0.07500	1.45	1.53	1.66
95664	0.07500	1.45	1.53	1.66
95665	0.08000	1.45	1.53	1.66
95666	0.08000	1.45	1.53	1.66
95667	0.07500	1.45	1.53	1.66
95668	0.07500	1.45	1.53	1.66
95669	0.08000	1.45	1.53	1.66
95670	0.08000	1.45	1.53	1.66
95671	0.08000	1.45	1.53	1.66
95672	0.07500	1.45	1.53	1.66
95673	0.08000	1.45	1.53	1.66
95674	0.07500	1.45	1.53	1.66
95675	0.08000	1.45	1.53	1.66
95676	0.07500	1.45	1.53	1.66
95677	0.07500	1.45	1.53	1.66
95678	0.07500	1.45	1.53	1.66
95679	0.07500	1.45	1.53	1.66
95680	0.08000	1.45	1.53	1.66
95681	0.07500	1.45	1.53	1.66
95682	0.07500	1.45	1.53	1.66
95683	0.08000	1.45	1.53	1.66
95684	0.07500	1.45	1.53	1.66
95685	0.08000	1.45	1.53	1.66
95686	0.08000	1.45	1.53	1.66
95687	0.07625	1.45	1.53	1.66
95688	0.07625	1.45	1.53	1.66
95689	0.08000	1.45	1.53	1.66
95690	0.08000	1.45	1.53	1.66
95691	0.07500	1.45	1.53	1.66
95692	0.07500	1.45	1.53	1.66
95693	0.08000	1.45	1.53	1.66
95694	0.07500	1.45	1.53	1.66
95695	0.07500	1.45	1.53	1.66
95696	0.07625	1.45	1.53	1.66
95697	0.07500	1.45	1.53	1.66
95698	0.07500	1.45	1.53	1.66
95699	0.08000	1.45	1.53	1.66
95701	0.07500	1.45	1.53	1.66
95703	0.07500	1.45	1.53	1.66
95709	0.07500	1.45	1.53	1.66
95712	0.07625	1.45	1.53	1.66
95713	0.07500	1.45	1.53	1.66
95714	0.07500	1.45	1.53	1.66
95715	0.07500	1.45	1.53	1.66
95717	0.07500	1.45	1.53	1.66
95720	0.07500	1.45	1.53	1.66
95721	0.07500	1.45	1.53	1.66
95722	0.07500	1.45	1.53	1.66
95724	0.07625	1.45	1.53	1.66
95726	0.07500	1.45	1.53	1.66
95728	0.07625	1.45	1.53	1.66
95735	0.07500	1.45	1.53	1.66
95736	0.07500	1.45	1.53	1.66
95741	0.08000	1.45	1.53	1.66
95742	0.08000	1.45	1.53	1.66
95743	0.08000	1.45	1.53	1.66
95746	0.07500	1.45	1.53	1.66
95747	0.07500	1.45	1.53	1.66
95758	0.08000	1.45	1.53	1.66
95759	0.08000	1.45	1.53	1.66
95762	0.07500	1.45	1.53	1.66
95763	0.08000	1.45	1.53	1.66
95765	0.07500	1.45	1.53	1.66
95776	0.07500	1.45	1.53	1.66
95798	0.07500	1.45	1.53	1.66
95799	0.07500	1.45	1.53	1.66
95812	0.08000	1.45	1.53	1.66
95813	0.08000	1.45	1.53	1.66
95814	0.08000	1.45	1.53	1.66
95815	0.08000	1.45	1.53	1.66
95816	0.08000	1.45	1.53	1.66
95817	0.08000	1.45	1.53	1.66
95818	0.08000	1.45	1.53	1.66
95819	0.08000	1.45	1.53	1.66
95820	0.08000	1.45	1.53	1.66
95821	0.08000	1.45	1.53	1.66
95822	0.08000	1.45	1.53	1.66
95823	0.08000	1.45	1.53	1.66
95824	0.08000	1.45	1.53	1.66
95825	0.08000	1.45	1.53	1.66
95826	0.08000	1.45	1.53	1.66
95827	0.08000	1.45	1.53	1.66
95828	0.08000	1.45	1.53	1.66
95829	0.08000	1.45	1.53	1.66
95830	0.08000	1.45	1.53	1.66
95831	0.08000	1.45	1.53	1.66
95832	0.08000	1.45	1.53	1.66
95833	0.08000	1.45	1.53	1.66
95834	0.08000	1.45	1.53	1.66
95835	0.08000	1.45	1.53	1.66
95836	0.08000	1.45	1.53	1.66
95837	0.08000	1.45	1.53	1.66
95838	0.08000	1.45	1.53	1.66
95840	0.08000	1.45	1.53	1.66
95841	0.08000	1.45	1.53	1.66
95842	0.08000	1.45	1.53	1.66
95843	0.08000	1.45	1.53	1.66
95851	0.08000	1.45	1.53	1.66
95852	0.08000	1.45	1.53	1.66
95853	0.08000	1.45	1.53	1.66
95857	0.08000	1.45	1.53	1.66
95860	0.08000	1.45	1.53	1.66
95864	0.08000	1.45	1.53	1.66
95865	0.08000	1.45	1.53	1.66
95866	0.08000	1.45	1.53	1.66
95867	0.08000	1.45	1.53	1.66
95873	0.08000	1.45	1.53	1.66
95887	0.08000	1.45	1.53	1.66
95894	0.08000	1.45	1.53	1.66
95899	0.08000	1.45	1.53	1.66
95901	0.07500	1.45	1.53	1.66
95903	0.07500	1.45	1.53	1.66
95910	0.07500	1.45	1.53	1.66
95912	0.07500	1.45	1.53	1.66
95913	0.07500	1.45	1.53	1.66
95914	0.07500	1.45	1.53	1.66
95915	0.07500	1.45	1.53	1.66
95916	0.07500	1.45	1.53	1.66
95917	0.07500	1.45	1.53	1.66
95918	0.07500	1.45	1.53	1.66
95919	0.07500	1.45	1.53	1.66
95920	0.07500	1.45	1.53	1.66
95922	0.07500	1.45	1.53	1.66
95923	0.07500	1.45	1.53	1.66
95924	0.07625	1.45	1.53	1.66
95925	0.07500	1.45	1.53	1.66
95926	0.07500	1.45	1.53	1.66
95927	0.07500	1.45	1.53	1.66
95928	0.07500	1.45	1.53	1.66
95929	0.07500	1.45	1.53	1.66
95930	0.07500	1.45	1.53	1.66
95931	0.07500	1.45	1.53	1.66
95932	0.07500	1.45	1.53	1.66
95934	0.07500	1.45	1.53	1.66
95935	0.07500	1.45	1.53	1.66
95936	0.07500	1.45	1.53	1.66
95937	0.07500	1.45	1.53	1.66
95938	0.07500	1.45	1.53	1.66
95939	0.07500	1.45	1.53	1.66
95940	0.07500	1.45	1.53	1.66
95941	0.07500	1.45	1.53	1.66
95942	0.07500	1.45	1.53	1.66
95943	0.07500	1.45	1.53	1.66
95944	0.07500	1.45	1.53	1.66
95945	0.07625	1.45	1.53	1.66
95946	0.07625	1.45	1.53	1.66
95947	0.07500	1.45	1.53	1.66
95948	0.07500	1.45	1.53	1.66
95949	0.07625	1.45	1.53	1.66
95950	0.07500	1.45	1.53	1.66
95951	0.07500	1.45	1.53	1.66
95953	0.07500	1.45	1.53	1.66
95954	0.07500	1.45	1.53	1.66
95955	0.07500	1.45	1.53	1.66
95956	0.07500	1.45	1.53	1.66
95957	0.07500	1.45	1.53	1.66
95958	0.07500	1.45	1.53	1.66
95959	0.07625	1.45	1.53	1.66
95960	0.07625	1.45	1.53	1.66
95961	0.07500	1.45	1.53	1.66
95962	0.07500	1.45	1.53	1.66
95963	0.07500	1.45	1.53	1.66
95965	0.07500	1.45	1.53	1.66
95966	0.07500	1.45	1.53	1.66
95967	0.07500	1.45	1.53	1.66
95968	0.07500	1.45	1.53	1.66
95969	0.07500	1.45	1.53	1.66
95970	0.07500	1.45	1.53	1.66
95971	0.07500	1.45	1.53	1.66
95972	0.07500	1.45	1.53	1.66
95973	0.07500	1.45	1.53	1.66
95974	0.07500	1.45	1.53	1.66
95975	0.07625	1.45	1.53	1.66
95976	0.07500	1.45	1.53	1.66
95977	0.07500	1.45	1.53	1.66
95978	0.07500	1.45	1.53	1.66
95979	0.07500	1.45	1.53	1.66
95980	0.07500	1.45	1.53	1.66
95981	0.07500	1.45	1.53	1.66
95982	0.07500	1.45	1.53	1.66
95983	0.07500	1.45	1.53	1.66
95984	0.07500	1.45	1.53	1.66
95986	0.07625	1.45	1.53	1.66
95987	0.07500	1.45	1.53	1.66
95988	0.07500	1.45	1.53	1.66
95991	0.07500	1.45	1.53	1.66
95992	0.07500	1.45	1.53	1.66
95993	0.07500	1.45	1.53	1.66
96001	0.07500	1.45	1.53	1.66
96002	0.07500	1.45	1.53	1.66
96003	0.07500	1.45	1.53	1.66
96006	0.07500	1.45	1.53	1.66
96007	0.07500	1.45	1.53	1.66
96008	0.07500	1.45	1.53	1.66
96009	0.07500	1.45	1.53	1.66
96010	0.07500	1.45	1.53	1.66
96011	0.07500	1.45	1.53	1.66
96013	0.07500	1.45	1.53	1.66
96014	0.07500	1.45	1.53	1.66
96015	0.07500	1.45	1.53	1.66
96016	0.07500	1.45	1.53	1.66
96017	0.07500	1.45	1.53	1.66
96019	0.07500	1.45	1.53	1.66
96020	0.07500	1.45	1.53	1.66
96021	0.07500	1.45	1.53	1.66
96022	0.07500	1.45	1.53	1.66
96023	0.07500	1.45	1.53	1.66
96024	0.07500	1.45	1.53	1.66
96025	0.07500	1.45	1.53	1.66
96027	0.07500	1.45	1.53	1.66
96028	0.07500	1.45	1.53	1.66
96029	0.07500	1.45	1.53	1.66
96031	0.07500	1.45	1.53	1.66
96032	0.07500	1.45	1.53	1.66
96033	0.07500	1.45	1.53	1.66
96034	0.07500	1.45	1.53	1.66
96035	0.07500	1.45	1.53	1.66
96037	0.07500	1.45	1.53	1.66
96038	0.07500	1.45	1.53	1.66
96039	0.07500	1.45	1.53	1.66
96040	0.07500	1.45	1.53	1.66
96041	0.07500	1.45	1.53	1.66
96044	0.07500	1.45	1.53	1.66
96046	0.07500	1.45	1.53	1.66
96047	0.07500	1.45	1.53	1.66
96048	0.07500	1.45	1.53	1.66
96049	0.07500	1.45	1.53	1.66
96050	0.07500	1.45	1.53	1.66
96051	0.07500	1.45	1.53	1.66
96052	0.07500	1.45	1.53	1.66
96054	0.07500	1.45	1.53	1.66
96055	0.07500	1.45	1.53	1.66
96056	0.07500	1.45	1.53	1.66
96057	0.07500	1.45	1.53	1.66
96058	0.07500	1.45	1.53	1.66
96059	0.07500	1.45	1.53	1.66
96061	0.07500	1.45	1.53	1.66
96062	0.07500	1.45	1.53	1.66
96063	0.07500	1.45	1.53	1.66
96064	0.07500	1.45	1.53	1.66
96065	0.07500	1.45	1.53	1.66
96067	0.07500	1.45	1.53	1.66
96068	0.07500	1.45	1.53	1.66
96069	0.07500	1.45	1.53	1.66
96070	0.07500	1.45	1.53	1.66
96071	0.07500	1.45	1.53	1.66
96073	0.07500	1.45	1.53	1.66
96074	0.07500	1.45	1.53	1.66
96075	0.07500	1.45	1.53	1.66
96076	0.07500	1.45	1.53	1.66
96078	0.07500	1.45	1.53	1.66
96079	0.07500	1.45	1.53	1.66
96080	0.07500	1.45	1.53	1.66
96084	0.07500	1.45	1.53	1.66
96085	0.07500	1.45	1.53	1.66
96086	0.07500	1.45	1.53	1.66
96087	0.07500	1.45	1.53	1.66
96088	0.07500	1.45	1.53	1.66
96089	0.07500	1.45	1.53	1.66
96090	0.07500	1.45	1.53	1.66
96091	0.07500	1.45	1.53	1.66
96092	0.07500	1.45	1.53	1.66
96093	0.07500	1.45	1.53	1.66
96094	0.07500	1.45	1.53	1.66
96095	0.07500	1.45	1.53	1.66
96096	0.07500	1.45	1.53	1.66
96097	0.07500	1.45	1.53	1.66
96099	0.07500	1.45	1.53	1.66
96101	0.07500	1.45	1.53	1.66
96103	0.07500	1.45	1.53	1.66
96104	0.07500	1.45	1.53	1.66
96105	0.07500	1.45	1.53	1.66
96106	0.07500	1.45	1.53	1.66
96107	0.07500	1.45	1.53	1.66
96108	0.07500	1.45	1.53	1.66
96109	0.07500	1.45	1.53	1.66
96110	0.07500	1.45	1.53	1.66
96111	0.07625	1.45	1.53	1.66
96112	0.07500	1.45	1.53	1.66
96113	0.07500	1.45	1.53	1.66
96114	0.07500	1.45	1.53	1.66
96115	0.07500	1.45	1.53	1.66
96116	0.07500	1.45	1.53	1.66
96117	0.07500	1.45	1.53	1.66
96118	0.07500	1.45	1.53	1.66
96119	0.07500	1.45	1.53	1.66
96120	0.07500	1.45	1.53	1.66
96121	0.07500	1.45	1.53	1.66
96122	0.07500	1.45	1.53	1.66
96123	0.07500	1.45	1.53	1.66
96124	0.07500	1.45	1.53	1.66
96125	0.07500	1.45	1.53	1.66
96126	0.07500	1.45	1.53	1.66
96127	0.07500	1.45	1.53	1.66
96128	0.07500	1.45	1.53	1.66
96129	0.07500	1.45	1.53	1.66
96130	0.07500	1.45	1.53	1.66
96132	0.07500	1.45	1.53	1.66
96133	0.07500	1.45	1.53	1.66
96134	0.07500	1.45	1.53	1.66
96135	0.07500	1.45	1.53	1.66
96136	0.07500	1.45	1.53	1.66
96137	0.07500	1.45	1.53	1.66
96140	0.07500	1.45	1.53	1.66
96141	0.07500	1.45	1.53	1.66
96142	0.07500	1.45	1.53	1.66
96143	0.07500	1.45	1.53	1.66
96145	0.07500	1.45	1.53	1.66
96146	0.07500	1.45	1.53	1.66
96148	0.07500	1.45	1.53	1.66
96150	0.07500	1.45	1.53	1.66
96151	0.07500	1.45	1.53	1.66
96152	0.07500	1.45	1.53	1.66
96154	0.07500	1.45	1.53	1.66
96155	0.07500	1.45	1.53	1.66
96156	0.07500	1.45	1.53	1.66
96157	0.07500	1.45	1.53	1.66
96158	0.07500	1.45	1.53	1.66
96160	0.07625	1.45	1.53	1.66
96161	0.07625	1.45	1.53	1.66
96162	0.07625	1.45	1.53	1.66
